# zip 파일로도 안올라가서 일부 복사해서 올렸습니다.
individual_id	curr_ann_amt	days_tenure	date_of_birth	income	has_children	length_of_residence	home_market_value	age_in_years	home_owner	college_degree	good_credit	cust_orig_year	cust_orig_month	churn	tenure_years	age_at_orig	premium_to_income	policy_proxy_v2	strategy_type_final	gdp_2022_11	dgs10_2022_11	cpi_2022_11	unrate_2022_11	sp500_2022_11	gdp_at_orig	dgs10_at_orig	cpi_at_orig	unrate_at_orig	sp500_at_orig
0	221300017872.0	818.877997	1454.0	1978-06-23	22500.0	1	15.0	50000 - 74999	44	1.0	1.0	1.0	2018	2018-12-01	0	3.980835044490080	40.0	0.0363945776444444	Variable Whole Life	혼합형	26734.277	3.891	298.708	3.6	3917.488595145090	20917.867	2.8326315789473700	252.767	3.9	2567.3073858963800
1	221300134410.0	974.199182	1795.0	1950-05-30	27500.0	0	2.0	50000 - 74999	72	1.0	0.0	0.0	2018	2018-01-01	0	4.914442162902120	67.0	0.0354254248	Variable Whole Life	안정형	26734.277	3.891	298.708	3.6	3917.488595145090	20328.553	2.583809523809520	248.859	4.0	2789.803815569200
2	221300673028.0	967.375112	4818.0	1967-07-07	42500.0	0	10.0	75000 - 99999	55	1.0	0.0	0.0	2009	2009-09-01	0	13.190965092402500	42.0	0.0227617673411764	Variable Whole Life	혼합형	26734.277	3.891	298.708	3.6	3917.488595145090	14448.882	3.401904761904760	215.861	9.8	1044.5523826962400
3	221301573419.0	992.409561	130.0	1969-05-25	125000.0	1	6.0	175000 - 199999	53	1.0	0.0	1.0	2022	2022-07-01	1	0.3559206023271730	53.0	0.007939276488	Variable Annuity	혼합형	26734.277	3.616190476190480	298.808	3.5	3912.380952380950	26272.011	2.896	294.94	3.5	3911.7294921875
4	221301622347.0	784.633494	5896.0	1972-09-25	87500.0	1	4.0	225000 - 249999	50	1.0	1.0	1.0	2006	2006-10-01	0	16.142368240930900	34.0	0.0089672399314285	Variable Whole Life	혼합형	26734.277	3.891	298.708	3.6	3917.488595145090	14039.56	4.729047619047620	201.9	4.4	1363.3772638494300
5	221302735288.0	909.916163	484.0	1990-04-20	52500.0	0	2.0	125000 - 149999	33	1.0	0.0	1.0	2021	2021-08-01	0	1.325119780971940	31.0	0.0173317364380952	Variable Universal Life	혼합형	26734.277	3.891	298.708	3.6	3917.488595145090	23921.991	1.2831818181818200	272.752	5.1	4453.965931285510
6	221300697686.0	1084.048271	2896.0	1952-02-29	125000.0	1	8.0	100000 - 124999	71	1.0	0.0	1.0	2014	2014-12-01	0	7.928815879534570	62.0	0.008672386168	Variable Whole Life	혼합형	26734.277	3.891	298.708	3.6	3917.488595145090	17912.079	2.2072727272727300	236.252	5.6	2054.2663629705300
7	221302209400.0	1277.370767	4096.0	1976-12-24	47500.0	0	12.0	125000 - 149999	46	1.0	0.0	1.0	2011	2011-09-01	0	11.214236824093100	34.0	0.0268920161473684	Variable Whole Life	혼합형	26734.277	3.891	298.708	3.6	3917.488595145090	15647.68	1.975238095238100	226.597	9.0	1173.8790573846700
8	221302854567.0	917.201036	2107.0	1966-07-27	47500.0	0	6.0	50000 - 74999	56	1.0	1.0	1.0	2017	2017-02-01	1	5.768651608487340	50.0	0.0193094954947368	Variable Whole Life	안정형	26734.277	3.616190476190480	298.808	3.5	3912.380952380950	19280.084	2.4189473684210500	244.006	4.6	2329.9105417352000
9	221301247282.0	1095.390747	3387.0	1958-08-28	32500.0	0	15.0	25000 - 49999	64	1.0	0.0	0.0	2013	2013-08-01	0	9.273100616016430	54.0	0.033704330676923	Variable Annuity	안정형	26734.277	3.891	298.708	3.6	3917.488595145090	16953.838	2.7372727272727300	233.456	7.2	1670.0936390269900
10	221301301436.0	905.038011	5336.0	1956-04-29	125000.0	0	15.0	125000 - 149999	67	1.0	1.0	1.0	2008	2008-04-01	0	14.609171800136900	51.0	0.007240304088	Variable Annuity	혼합형	26734.277	3.891	298.708	3.6	3917.488595145090	14865.701	3.675	213.942	5.0	1370.4690940163400
11	221302005705.0	462.911054	6020.0	1981-06-22	37500.0	1	6.0	75000 - 99999	41	1.0	1.0	1.0	2006	2006-06-01	0	16.48186173853530	24.0	0.0123442947733333	Variable Whole Life	혼합형	26734.277	3.891	298.708	3.6	3917.488595145090	13753.424	5.106363636363640	201.8	4.6	1253.1681795987200
12	221302781834.0	722.089567	374.0	1953-10-29	62500.0	1	5.0	100000 - 124999	69	1.0	1.0	1.0	2021	2021-11-01	0	1.0239561943874100	68.0	0.011553433072	Variable Whole Life	혼합형	26734.277	3.891	298.708	3.6	3917.488595145090	24777.038	1.5595	278.824	4.2	4667.386648995540
13	221301392462.0	841.02187	150.0	1963-11-28	57500.0	0	11.0	150000 - 174999	59	0.0	0.0	1.0	2022	2022-07-01	0	0.4106776180698150	58.0	0.0146264673043478	Variable Universal Life	혼합형	26734.277	3.891	298.708	3.6	3917.488595145090	26272.011	2.896	294.94	3.5	3911.7294921875
14	221303096842.0	741.671055	4711.0	1979-03-24	125000.0	1	10.0	225000 - 249999	44	1.0	0.0	1.0	2010	2010-01-01	0	12.898015058179300	30.0	0.00593336844	Variable Universal Life	혼합형	26734.277	3.891	298.708	3.6	3917.488595145090	14764.61	3.7331578947368400	217.488	9.8	1123.5815815172700
15	221301479205.0	1398.728178	5049.0	1981-12-23	125000.0	1	15.0	75000 - 99999	41	1.0	1.0	1.0	2009	2009-02-01	0	13.82340862423000	27.0	0.011189825424	Variable Universal Life	혼합형	26734.277	3.891	298.708	3.6	3917.488595145090	14430.902	2.87	212.705	8.3	805.2273688065380
16	221303215002.0	913.663034	6226.0	1962-05-27	47500.0	0	12.0	50000 - 74999	60	1.0	0.0	1.0	2005	2005-11-01	0	17.045859000684500	43.0	0.0192350112421052	Variable Universal Life	혼합형	26734.277	3.891	298.708	3.6	3917.488595145090	13324.204	4.535	198.1	5.0	1237.3685651506700
17	221301003945.0	438.245021	1018.0	1974-01-22	70000.0	0	6.0	150000 - 174999	49	0.0	0.0	1.0	2020	2020-02-01	0	2.7871321013004800	46.0	0.0062606431571428	Variable Universal Life	혼합형	26734.277	3.891	298.708	3.6	3917.488595145090	21727.657	1.5042105263157900	259.25	3.5	3277.3141832853600
18	221300771454.0	953.30552	5463.0	1955-02-28	125000.0	0	9.0	75000 - 99999	68	1.0	0.0	1.0	2007	2007-12-01	0	14.956878850102700	52.0	0.00762644416	Variable Universal Life	혼합형	26734.277	3.891	298.708	3.6	3917.488595145090	14715.058	4.0975	211.445	5.0	1479.2234985351600
19	221302382580.0	725.165234	3336.0	1984-09-22	70000.0	0	7.0	75000 - 99999	38	1.0	0.0	1.0	2013	2013-10-01	0	9.13347022587269	29.0	0.0103595033428571	Variable Whole Life	공격형	26734.277	3.891	298.708	3.6	3917.488595145090	17192.019	2.6159090909090900	233.669	7.2	1720.0265317170500
20	221300001751.0	716.719703	5654.0	1974-01-22	87500.0	1	0.0	Unknown	49	0.0	0.0	0.0	2007	2007-06-01	1	15.4798083504449	33.0	0.00819108232	Variable Whole Life	혼합형	26734.277	3.616190476190480	298.808	3.5	3912.380952380950	14402.082	5.102857142857140	207.234	4.6	1514.4895193917400
21	221301530535.0	1322.51236	6291.0	1967-10-27	37500.0	1	7.0	100000 - 124999	55	1.0	1.0	1.0	2005	2005-09-01	0	17.22381930184810	37.0	0.0352669962666666	Variable Annuity	혼합형	26734.277	3.891	298.708	3.6	3917.488595145090	13142.642	4.199047619047620	198.8	5.0	1225.914771670390
22	221302855707.0	908.895897	6291.0	1969-03-25	27500.0	1	15.0	75000 - 99999	54	1.0	0.0	1.0	2005	2005-09-01	0	17.22381930184810	36.0	0.033050759890909	Variable Annuity	안정형	26734.277	3.891	298.708	3.6	3917.488595145090	13142.642	4.199047619047620	198.8	5.0	1225.914771670390
23	221302596763.0	862.424306	824.0	1989-12-21	37500.0	0	15.0	25000 - 49999	33	1.0	0.0	1.0	2020	2020-08-01	0	2.2559890485968500	30.0	0.0229979814933333	Variable Universal Life	혼합형	26734.277	3.891	298.708	3.6	3917.488595145090	21684.551	0.65	259.316	8.4	3391.7100190662200
24	221301743390.0	1356.99685	5282.0	1978-09-23	87500.0	1	2.0	200000 - 224999	44	1.0	1.0	1.0	2008	2008-06-01	0	14.461327857631800	29.0	0.0155085354285714	Variable Annuity	공격형	26734.277	3.891	298.708	3.6	3917.488595145090	14865.701	4.099523809523810	217.463	5.6	1341.250964936760
25	221300667684.0	633.822136	629.0	1987-10-22	42500.0	0	1.0	50000 - 74999	35	1.0	1.0	1.0	2021	2021-03-01	0	1.7221081451060900	33.0	0.0149134620235294	Variable Annuity	혼합형	26734.277	3.891	298.708	3.6	3917.488595145090	22656.793	1.6108695652173900	264.847	6.1	3910.5082795516300
26	221300821706.0	832.216142	4027.0	1931-07-06	87500.0	0	15.0	75000 - 99999	91	1.0	0.0	1.0	2011	2011-11-01	0	11.025325119781000	80.0	0.0095110416228571	Variable Whole Life	혼합형	26734.277	3.891	298.708	3.6	3917.488595145090	15842.259	2.0135000000000000	227.169	8.6	1226.414771670390
27	221300317844.0	963.595559	6291.0	1950-10-30	47500.0	0	10.0	50000 - 74999	72	1.0	0.0	1.0	2005	2005-09-01	0	17.22381930184810	54.0	0.0202862222947368	Variable Annuity	혼합형	26734.277	3.891	298.708	3.6	3917.488595145090	13142.642	4.199047619047620	198.8	5.0	1225.914771670390
28	221301284371.0	750.160284	257.0	1969-11-25	22500.0	1	3.0	50000 - 74999	53	0.0	0.0	0.0	2022	2022-03-01	1	0.70362765229295	52.0	0.0333404570666666	Variable Universal Life	혼합형	26734.277	3.616190476190480	298.808	3.5	3912.380952380950	25215.491	2.1278260869565200	287.467	3.7	4391.265264096470
29	221300740513.0	962.944213	615.0	1986-04-21	87500.0	0	15.0	100000 - 124999	37	1.0	1.0	1.0	2021	2021-03-01	0	1.6837782340862400	34.0	0.01100507672	Variable Universal Life	공격형	26734.277	3.891	298.708	3.6	3917.488595145090	22656.793	1.6108695652173900	264.847	6.1	3910.5082795516300
30	221301492581.0	875.409922	582.0	1987-04-22	17500.0	1	7.0	25000 - 49999	36	1.0	0.0	1.0	2021	2021-04-01	0	1.593429158110880	34.0	0.0500234241142857	Variable Whole Life	혼합형	26734.277	3.891	298.708	3.6	3917.488595145090	23368.861	1.635	266.625	6.1	4141.176199776790
31	221300755726.0	721.392489	1940.0	1951-12-01	32500.0	0	13.0	75000 - 99999	71	1.0	0.0	1.0	2017	2017-08-01	0	5.3114305270362800	65.0	0.0221966919692307	Variable Whole Life	안정형	26734.277	3.891	298.708	3.6	3917.488595145090	19692.595	2.2091304347826100	245.183	4.4	2456.2230702275800
32	221300169267.0	1151.307831	4050.0	1991-12-22	80372.176	0	6.801	200000 - 224999	31	0.0	0.0	1.0	2011	2011-10-01	0	11.08829568788500	19.0	0.0143247064879766	Variable Universal Life	혼합형	26734.277	3.891	298.708	3.6	3917.488595145090	15842.259	2.152	226.75	8.8	1207.2161865234400
33	221300167515.0	602.589345	5518.0	1954-08-29	42500.0	0	15.0	75000 - 99999	68	1.0	0.0	0.0	2007	2007-10-01	0	15.107460643394900	53.0	0.0141785728235294	Variable Annuity	혼합형	26734.277	3.891	298.708	3.6	3917.488595145090	14715.058	4.527727272727270	209.19	4.7	1539.65869140625
34	221302701052.0	1003.887697	6291.0	1973-04-24	87500.0	0	2.0	250000 - 274999	50	0.0	0.0	1.0	2005	2005-09-01	0	17.22381930184810	32.0	0.0114730022514285	Variable Whole Life	공격형	26734.277	3.891	298.708	3.6	3917.488595145090	13142.642	4.199047619047620	198.8	5.0	1225.914771670390
35	221302554595.0	1111.833596	6022.0	1967-07-07	22500.0	0	15.0	150000 - 174999	55	1.0	0.0	0.0	2006	2006-06-01	0	16.487337440109500	38.0	0.0494148264888888	Variable Annuity	안정형	26734.277	3.891	298.708	3.6	3917.488595145090	13753.424	5.106363636363640	201.8	4.6	1253.1681795987200
36	221302469670.0	919.706387	6291.0	1981-04-22	125000.0	0	8.0	125000 - 149999	42	1.0	1.0	1.0	2005	2005-09-01	0	17.22381930184810	24.0	0.0073576510959999	Variable Annuity	공격형	26734.277	3.891	298.708	3.6	3917.488595145090	13142.642	4.199047619047620	198.8	5.0	1225.914771670390
37	221302084670.0	926.139865	6291.0	1953-09-29	162500.0	0	0.0	175000 - 199999	69	1.0	1.0	1.0	2005	2005-09-01	0	17.22381930184810	51.0	0.0056993222461538	Variable Annuity	혼합형	26734.277	3.891	298.708	3.6	3917.488595145090	13142.642	4.199047619047620	198.8	5.0	1225.914771670390
38	221300641970.0	959.257529	6291.0	1954-03-29	70000.0	0	15.0	75000 - 99999	69	1.0	0.0	1.0	2005	2005-09-01	0	17.22381930184810	51.0	0.0137036789857142	Variable Annuity	혼합형	26734.277	3.891	298.708	3.6	3917.488595145090	13142.642	4.199047619047620	198.8	5.0	1225.914771670390
39	221302955010.0	1272.616891	2540.0	1958-08-28	57500.0	1	15.0	125000 - 149999	64	1.0	1.0	1.0	2015	2015-12-01	0	6.954140999315540	57.0	0.0221324676695652	Variable Universal Life	안정형	26734.277	3.891	298.708	3.6	3917.488595145090	18435.137	2.2427272727272700	237.761	5.0	2054.0795621005000
40	221302102387.0	1242.665217	6291.0	1934-05-04	87500.0	0	2.0	50000 - 74999	88	1.0	0.0	1.0	2005	2005-09-01	0	17.22381930184810	71.0	0.0142018881942857	Variable Whole Life	혼합형	26734.277	3.891	298.708	3.6	3917.488595145090	13142.642	4.199047619047620	198.8	5.0	1225.914771670390
41	221302782246.0	691.267846	2754.0	1967-04-27	62500.0	1	9.0	125000 - 149999	56	1.0	0.0	1.0	2015	2015-05-01	0	7.540041067761810	48.0	0.011060285536	Variable Universal Life	혼합형	26734.277	3.891	298.708	3.6	3917.488595145090	18279.784	2.1975	237.001	5.6	2111.9435180664100
42	221302806108.0	621.295189	3367.0	1968-02-25	47500.0	0	1.0	75000 - 99999	55	1.0	0.0	1.0	2013	2013-09-01	0	9.218343600273780	45.0	0.0130798987157894	Variable Whole Life	안정형	26734.277	3.891	298.708	3.6	3917.488595145090	16953.838	2.8095	233.544	7.2	1687.1735046386700
43	221303198330.0	681.475923	4304.0	1986-11-21	47500.0	1	1.0	225000 - 249999	36	1.0	1.0	1.0	2011	2011-02-01	0	11.783709787816600	24.0	0.0143468615368421	Variable Whole Life	혼합형	26734.277	3.891	298.708	3.6	3917.488595145090	15351.448	3.5763157894736800	221.898	9.0	1321.1178877981100
44	221302532815.0	1368.247532	4277.0	1965-12-27	32500.0	0	15.0	125000 - 149999	57	1.0	0.0	0.0	2011	2011-03-01	0	11.709787816564000	45.0	0.0420999240615384	Variable Whole Life	안정형	26734.277	3.891	298.708	3.6	3917.488595145090	15351.448	3.4143478260869600	223.046	9.0	1304.4865138841700
45	221301235384.0	1162.849677	4829.0	1980-12-23	37500.0	1	6.0	Unknown	42	1.0	1.0	1.0	2009	2009-09-01	0	13.221081451060900	28.0	0.03100932472	Variable Whole Life	공격형	26734.277	3.891	298.708	3.6	3917.488595145090	14448.882	3.401904761904760	215.861	9.8	1044.5523826962400
46	221301238767.0	776.499976	5621.0	1967-07-07	32500.0	0	6.801	100000 - 124999	55	0.0	0.0	0.0	2007	2007-07-01	0	15.38945927446950	40.0	0.0238923069538461	Variable Annuity	혼합형	26734.277	3.891	298.708	3.6	3917.488595145090	14564.117	5.0042857142857100	207.603	4.7	1520.7047584170400
47	221303095765.0	1230.92582	4851.0	1971-10-26	32500.0	1	10.0	50000 - 74999	51	1.0	0.0	0.0	2009	2009-08-01	0	13.281314168377800	37.0	0.0378746406153846	Variable Whole Life	안정형	26734.277	3.891	298.708	3.6	3917.488595145090	14448.882	3.587142857142860	215.445	9.6	1009.7247576032400
48	221302232815.0	1001.512787	64.0	1987-06-22	250000.0	0	15.0	125000 - 149999	35	1.0	0.0	1.0	2022	2022-09-01	0	0.1752224503764540	35.0	0.004006051148	Variable Universal Life	공격형	26734.277	3.891	298.708	3.6	3917.488595145090	26272.011	3.519047619047620	296.421	3.5	3850.520496186760
49	221300197847.0	828.838314	1742.0	1973-03-24	32500.0	1	3.0	125000 - 149999	50	0.0	0.0	0.0	2018	2018-02-01	0	4.769336071184120	44.0	0.0255027173538461	Variable Annuity	혼합형	26734.277	3.891	298.708	3.6	3917.488595145090	20328.553	2.8589473684210500	249.529	4.1	2705.1552477384900
50	221301039742.0	841.34732	925.0	1988-02-20	37500.0	1	4.0	125000 - 149999	35	1.0	1.0	1.0	2020	2020-05-01	0	2.532511978097190	32.0	0.0224359285333333	Variable Annuity	안정형	26734.277	3.891	298.708	3.6	3917.488595145090	19935.444	0.674	255.802	13.2	2919.6084838867200
51	221301697770.0	760.828484	1459.0	1978-05-23	62500.0	1	3.0	75000 - 99999	44	1.0	1.0	0.0	2018	2018-12-01	0	3.994524298425740	40.0	0.012173255744	Variable Whole Life	혼합형	26734.277	3.891	298.708	3.6	3917.488595145090	20917.867	2.8326315789473700	252.767	3.9	2567.3073858963800
52	221300674738.0	624.385366	108.0	1975-06-25	62500.0	1	6.0	200000 - 224999	47	1.0	0.0	1.0	2022	2022-08-01	0	0.2956878850102670	47.0	0.0099901658559999	Variable Whole Life	혼합형	26734.277	3.891	298.708	3.6	3917.488595145090	26272.011	2.8978260869565200	295.162	3.6	4158.563083814540
53	221302014424.0	764.85186	118.0	1972-09-25	87500.0	1	6.0	100000 - 124999	50	1.0	0.0	1.0	2022	2022-08-01	0	0.3230663928815880	49.0	0.0087411641142857	Variable Universal Life	혼합형	26734.277	3.891	298.708	3.6	3917.488595145090	26272.011	2.8978260869565200	295.162	3.6	4158.563083814540
54	221302798105.0	599.832416	6291.0	1963-10-28	70000.0	1	13.0	100000 - 124999	59	1.0	1.0	1.0	2005	2005-09-01	0	17.22381930184810	41.0	0.0085690345142857	Variable Universal Life	혼합형	26734.277	3.891	298.708	3.6	3917.488595145090	13142.642	4.199047619047620	198.8	5.0	1225.914771670390
55	221302198958.0	756.43702	165.0	1959-11-29	250000.0	1	12.0	275000 - 299999	63	1.0	0.0	1.0	2022	2022-06-01	1	0.4517453798767970	62.0	0.0030257480799999	Variable Annuity	혼합형	26734.277	3.616190476190480	298.808	3.5	3912.380952380950	25805.791	3.1433333333333300	295.072	3.6	3898.9466843378000
56	221302077485.0	1103.039307	6291.0	1955-04-30	87500.0	1	14.0	50000 - 74999	68	1.0	1.0	1.0	2005	2005-09-01	0	17.22381930184810	50.0	0.0126061635085714	Variable Whole Life	혼합형	26734.277	3.891	298.708	3.6	3917.488595145090	13142.642	4.199047619047620	198.8	5.0	1225.914771670390
57	221300673444.0	765.596377	161.0	1967-07-07	47500.0	1	2.0	250000 - 274999	55	1.0	0.0	0.0	2022	2022-06-01	0	0.4407939767282680	54.0	0.0161178184631578	Variable Annuity	안정형	26734.277	3.891	298.708	3.6	3917.488595145090	25805.791	3.1433333333333300	295.072	3.6	3898.9466843378000
58	221302813612.0	985.879798	6291.0	1959-06-29	87500.0	0	15.0	50000 - 74999	63	1.0	0.0	1.0	2005	2005-09-01	0	17.22381930184810	46.0	0.0112671976914285	Variable Universal Life	공격형	26734.277	3.891	298.708	3.6	3917.488595145090	13142.642	4.199047619047620	198.8	5.0	1225.914771670390
59	221302259403.0	618.74191	2828.0	1953-05-29	27500.0	1	9.0	150000 - 174999	69	1.0	0.0	1.0	2015	2015-03-01	0	7.742642026009580	61.0	0.0224997058181818	Variable Annuity	안정형	26734.277	3.891	298.708	3.6	3917.488595145090	18063.529	2.0427272727272700	235.976	5.4	2079.9904396750700
60	221302425105.0	1300.834067	857.0	1981-07-23	87500.0	1	3.0	100000 - 124999	41	1.0	0.0	1.0	2020	2020-07-01	0	2.346338124572210	39.0	0.0148666750514285	Variable Universal Life	혼합형	26734.277	3.891	298.708	3.6	3917.488595145090	21684.551	0.6236363636363640	258.352	10.2	3207.6190962358000
61	221302922634.0	961.467101	2494.0	1959-06-29	57500.0	0	5.0	75000 - 99999	63	1.0	0.0	1.0	2016	2016-02-01	0	6.828199863107460	56.0	0.016721166973913	Variable Whole Life	안정형	26734.277	3.891	298.708	3.6	3917.488595145090	18525.933	1.7795	237.336	4.9	1904.418493652340
62	221302827047.0	630.104099	3858.0	1983-11-23	125000.0	1	9.0	50000 - 74999	39	1.0	1.0	1.0	2012	2012-05-01	0	10.562628336755600	28.0	0.005040832792	Variable Whole Life	공격형	26734.277	3.891	298.708	3.6	3917.488595145090	16207.115	1.8031818181818200	228.713	8.2	1341.2727161754300
63	221301391410.0	1015.138116	4384.0	1945-01-01	250000.0	1	15.0	175000 - 199999	78	1.0	0.0	1.0	2010	2010-12-01	1	12.002737850787100	65.0	0.004060552464	Variable Whole Life	혼합형	26734.277	3.616190476190480	298.808	3.5	3912.380952380950	15309.474	3.290909090909090	220.472	9.3	1241.5254516601600
64	221303209325.0	869.152197	5173.0	1986-02-19	5000.0	0	3.0	50000 - 74999	37	0.0	0.0	0.0	2008	2008-10-01	0	14.16290212183440	22.0	0.1738304394	Variable Whole Life	혼합형	26734.277	3.891	298.708	3.6	3917.488595145090	14608.209	3.814090909090910	216.995	6.5	968.8008741295860
65	221303240427.0	1345.916061	102.0	1976-12-24	70000.0	0	5.0	125000 - 149999	46	1.0	0.0	0.0	2022	2022-08-01	0	0.2792607802874740	45.0	0.0192273723	Variable Annuity	혼합형	26734.277	3.891	298.708	3.6	3917.488595145090	26272.011	2.8978260869565200	295.162	3.6	4158.563083814540
66	221303244644.0	911.388165	571.0	1987-08-22	87500.0	1	5.0	100000 - 124999	35	1.0	0.0	1.0	2021	2021-05-01	0	1.5633127994524300	33.0	0.0104158647428571	Variable Universal Life	공격형	26734.277	3.891	298.708	3.6	3917.488595145090	23368.861	1.621	268.404	5.8	4167.849536132810
67	221302275734.0	1025.180632	2717.0	1967-10-27	125000.0	0	4.0	150000 - 174999	55	1.0	0.0	1.0	2015	2015-06-01	0	7.438740588637920	47.0	0.008201445056	Variable Whole Life	공격형	26734.277	3.891	298.708	3.6	3917.488595145090	18279.784	2.363636363636360	237.657	5.3	2099.2836581143500
68	221301253639.0	1264.037029	2586.0	1957-10-28	125000.0	0	15.0	125000 - 149999	65	1.0	1.0	1.0	2015	2015-11-01	0	7.080082135523610	58.0	0.010112296232	Variable Whole Life	혼합형	26734.277	3.891	298.708	3.6	3917.488595145090	18435.137	2.263157894736840	238.017	5.1	2080.61650390625
69	221300396886.0	1156.444024	2925.0	1972-12-25	70000.0	1	15.0	100000 - 124999	50	1.0	0.0	1.0	2014	2014-11-01	0	8.008213552361400	41.0	0.0165206289142857	Variable Universal Life	혼합형	26734.277	3.891	298.708	3.6	3917.488595145090	17912.079	2.3255555555555600	236.983	5.8	2044.5721050061700
70	221300390921.0	1092.734071	118.0	1972-09-25	125000.0	1	15.0	150000 - 174999	50	1.0	0.0	1.0	2022	2022-08-01	0	0.3230663928815880	49.0	0.008741872568	Variable Universal Life	혼합형	26734.277	3.891	298.708	3.6	3917.488595145090	26272.011	2.8978260869565200	295.162	3.6	4158.563083814540
71	221301385437.0	737.98876	1204.0	1967-07-07	125000.0	0	0.0	Unknown	55	0.0	0.0	1.0	2019	2019-08-01	0	3.29637234770705	52.0	0.00590391008	Variable Annuity	혼합형	26734.277	3.891	298.708	3.6	3917.488595145090	21717.171	1.6263636363636400	256.036	3.6	2897.450450550430
72	221302194813.0	677.526713	3268.0	1985-02-19	27500.0	1	2.0	100000 - 124999	38	1.0	1.0	1.0	2013	2013-12-01	0	8.947296372347710	28.0	0.0246373350181818	Variable Whole Life	혼합형	26734.277	3.891	298.708	3.6	3917.488595145090	17192.019	2.901904761904760	234.719	6.7	1807.7752336774600
73	221302433595.0	1187.581187	6261.0	1970-09-25	225000.0	1	10.0	100000 - 124999	52	1.0	1.0	1.0	2005	2005-10-01	0	17.141683778234100	35.0	0.0052781386088888	Variable Whole Life	공격형	26734.277	3.891	298.708	3.6	3917.488595145090	13324.204	4.4635	199.1	5.0	1191.9642857142900
74	221300046994.0	933.499864	803.0	1967-07-07	37500.0	1	3.0	75000 - 99999	55	1.0	1.0	1.0	2020	2020-09-01	0	2.198494182067080	53.0	0.0248933297066666	Variable Whole Life	혼합형	26734.277	3.891	298.708	3.6	3917.488595145090	21684.551	0.6795238095238100	259.997	7.8	3365.516671316960
75	221302299299.0	803.960621	2008.0	1967-07-07	80372.176	0	0.0	Unknown	55	0.0	0.0	1.0	2017	2017-06-01	1	5.49760438056126	49.0	0.0100029719364572	Variable Annuity	혼합형	26734.277	3.616190476190480	298.808	3.5	3912.380952380950	19438.643	2.186818181818180	244.163	4.3	2433.98545143821
76	221300379963.0	933.125612	4818.0	1967-07-07	37500.0	0	7.0	75000 - 99999	55	1.0	0.0	1.0	2009	2009-09-01	0	13.190965092402500	42.0	0.0248833496533333	Variable Whole Life	혼합형	26734.277	3.891	298.708	3.6	3917.488595145090	14448.882	3.401904761904760	215.861	9.8	1044.5523826962400
77	221301796946.0	905.17699	6261.0	1970-09-25	162500.0	1	6.0	150000 - 174999	52	1.0	0.0	1.0	2005	2005-10-01	0	17.141683778234100	35.0	0.0055703199384615	Variable Annuity	공격형	26734.277	3.891	298.708	3.6	3917.488595145090	13324.204	4.4635	199.1	5.0	1191.9642857142900
78	221302439898.0	520.426965	4436.0	1980-09-23	62500.0	1	5.0	100000 - 124999	42	1.0	1.0	0.0	2010	2010-10-01	0	12.145106091718	30.0	0.00832683144	Variable Whole Life	혼합형	26734.277	3.891	298.708	3.6	3917.488595145090	15309.474	2.54	219.035	9.4	1171.5838099888400
79	221302175193.0	1056.097264	161.0	1967-07-07	87500.0	1	1.0	75000 - 99999	55	1.0	0.0	1.0	2022	2022-06-01	1	0.4407939767282680	54.0	0.0120696830171428	Variable Universal Life	혼합형	26734.277	3.616190476190480	298.808	3.5	3912.380952380950	25805.791	3.1433333333333300	295.072	3.6	3898.9466843378000
80	221302076847.0	1248.158651	6155.0	1971-04-26	87500.0	1	13.0	200000 - 224999	52	1.0	0.0	1.0	2006	2006-01-01	0	16.851471594798100	34.0	0.0142646702971428	Variable Annuity	혼합형	26734.277	3.891	298.708	3.6	3917.488595145090	13599.16	4.416	199.3	4.7	1278.7224975585900
81	221302330779.0	781.794354	4818.0	1967-07-07	87500.0	1	6.0	125000 - 149999	55	1.0	0.0	1.0	2009	2009-09-01	0	13.190965092402500	42.0	0.0089347926171428	Variable Whole Life	공격형	26734.277	3.891	298.708	3.6	3917.488595145090	14448.882	3.401904761904760	215.861	9.8	1044.5523826962400
82	221300877708.0	1088.693591	2953.0	1987-01-20	80372.176	0	8.0	100000 - 124999	36	1.0	0.0	1.0	2014	2014-11-01	0	8.084873374401100	27.0	0.0135456528015366	Variable Annuity	공격형	26734.277	3.891	298.708	3.6	3917.488595145090	17912.079	2.3255555555555600	236.983	5.8	2044.5721050061700
83	221303067721.0	1136.70163	3737.0	1984-07-23	22500.0	0	4.0	100000 - 124999	38	1.0	0.0	0.0	2012	2012-09-01	0	10.231348391512700	28.0	0.0505200724444444	Variable Whole Life	혼합형	26734.277	3.891	298.708	3.6	3917.488595145090	16319.541	1.7231578947368400	231.015	7.8	1443.4194721422700
84	221300253757.0	1267.658558	64.0	1987-07-23	47500.0	0	9.0	75000 - 99999	35	0.0	0.0	1.0	2022	2022-09-01	1	0.1752224503764540	35.0	0.0266875485894736	Variable Whole Life	혼합형	26734.277	3.616190476190480	298.808	3.5	3912.380952380950	26272.011	3.519047619047620	296.421	3.5	3850.520496186760
85	221300505827.0	600.180705	6222.0	1982-04-22	57500.0	0	0.0	Unknown	41	0.0	0.0	1.0	2005	2005-11-01	0	17.034907597535900	23.0	0.0104379253043478	Variable Annuity	혼합형	26734.277	3.891	298.708	3.6	3917.488595145090	13324.204	4.535	198.1	5.0	1237.3685651506700
86	221302366143.0	910.672987	111.0	1974-08-24	125000.0	0	6.0	200000 - 224999	48	1.0	1.0	1.0	2022	2022-08-01	0	0.3039014373716630	47.0	0.007285383896	Variable Universal Life	혼합형	26734.277	3.891	298.708	3.6	3917.488595145090	26272.011	2.8978260869565200	295.162	3.6	4158.563083814540
87	221301589229.0	675.048091	174.0	1981-02-20	17500.0	1	7.0	50000 - 74999	42	1.0	0.0	1.0	2022	2022-06-01	1	0.4763860369609860	41.0	0.0385741766285714	Variable Whole Life	혼합형	26734.277	3.616190476190480	298.808	3.5	3912.380952380950	25805.791	3.1433333333333300	295.072	3.6	3898.9466843378000
88	221301124042.0	1152.504071	4772.0	1975-12-26	70000.0	1	5.0	125000 - 149999	47	1.0	1.0	1.0	2009	2009-11-01	0	13.065023956194400	33.0	0.0164643438714285	Variable Universal Life	혼합형	26734.277	3.891	298.708	3.6	3917.488595145090	14651.249	3.4026315789473700	217.234	9.9	1088.0690063476600
89	221302349087.0	923.23535	4701.0	1985-03-21	70000.0	0	6.0	50000 - 74999	38	1.0	0.0	1.0	2010	2010-01-01	0	12.870636550308000	24.0	0.0131890764285714	Variable Whole Life	혼합형	26734.277	3.891	298.708	3.6	3917.488595145090	14764.61	3.7331578947368400	217.488	9.8	1123.5815815172700
90	221300749761.0	908.453001	5222.0	1947-11-01	47500.0	0	15.0	100000 - 124999	75	1.0	1.0	1.0	2008	2008-08-01	0	14.297056810403800	60.0	0.0191253263368421	Variable Whole Life	안정형	26734.277	3.891	298.708	3.6	3917.488595145090	14898.999	3.885714285714290	218.69	6.1	1281.4723656064000
91	221303160470.0	666.981368	5533.0	1977-06-23	57500.0	0	1.0	75000 - 99999	45	1.0	0.0	1.0	2007	2007-10-01	0	15.148528405201900	30.0	0.0115996759652173	Variable Universal Life	공격형	26734.277	3.891	298.708	3.6	3917.488595145090	14715.058	4.527727272727270	209.19	4.7	1539.65869140625
92	221303100404.0	928.72278	5959.0	1964-03-27	125000.0	1	3.0	125000 - 149999	59	1.0	1.0	1.0	2006	2006-08-01	0	16.314852840520200	42.0	0.0074297822399999	Variable Whole Life	혼합형	26734.277	3.891	298.708	3.6	3917.488595145090	13870.188	4.8765217391304300	203.8	4.7	1287.1495679772400
93	221300424049.0	919.153737	118.0	1972-10-25	52500.0	1	15.0	100000 - 124999	50	1.0	0.0	1.0	2022	2022-08-01	1	0.3230663928815880	49.0	0.0175076902285714	Variable Universal Life	혼합형	26734.277	3.616190476190480	298.808	3.5	3912.380952380950	26272.011	2.8978260869565200	295.162	3.6	4158.563083814540
94	221300446107.0	683.696667	80.0	1967-07-07	32500.0	1	1.0	125000 - 149999	55	0.0	0.0	1.0	2022	2022-09-01	0	0.2190280629705680	55.0	0.0210368205230769	Variable Whole Life	안정형	26734.277	3.891	298.708	3.6	3917.488595145090	26272.011	3.519047619047620	296.421	3.5	3850.520496186760
95	221302850714.0	973.311839	5289.0	1968-10-26	62500.0	1	1.0	175000 - 199999	54	1.0	0.0	0.0	2008	2008-06-01	0	14.480492813141700	39.0	0.0155729894239999	Variable Whole Life	혼합형	26734.277	3.891	298.708	3.6	3917.488595145090	14865.701	4.099523809523810	217.463	5.6	1341.250964936760
96	221302149473.0	909.860348	952.0	1987-08-22	87500.0	0	1.0	400000 - 449999	35	1.0	1.0	1.0	2020	2020-04-01	0	2.6064339493497600	32.0	0.0103984039771428	Variable Whole Life	공격형	26734.277	3.891	298.708	3.6	3917.488595145090	19935.444	0.6576190476190480	256.032	14.8	2761.975225539430
97	221301555803.0	836.671637	2388.0	1993-02-17	125000.0	1	6.801	200000 - 224999	30	0.0	0.0	1.0	2016	2016-05-01	0	6.537987679671460	23.0	0.006693373096	Variable Universal Life	공격형	26734.277	3.891	298.708	3.6	3917.488595145090	18711.702	1.806190476190480	239.557	4.8	2065.5504789806500
98	221302931240.0	1193.004212	2905.0	1952-01-01	17500.0	1	15.0	75000 - 99999	71	1.0	0.0	1.0	2014	2014-12-01	0	7.953456536618750	62.0	0.0681716692571428	Variable Whole Life	안정형	26734.277	3.891	298.708	3.6	3917.488595145090	17912.079	2.2072727272727300	236.252	5.6	2054.2663629705300
99	221300066720.0	769.317222	6291.0	1955-12-31	125000.0	0	15.0	175000 - 199999	67	1.0	1.0	1.0	2005	2005-09-01	0	17.22381930184810	49.0	0.006154537776	Variable Annuity	혼합형	26734.277	3.891	298.708	3.6	3917.488595145090	13142.642	4.199047619047620	198.8	5.0	1225.914771670390
100	221301813451.0	655.273401	3574.0	1977-01-21	37500.0	1	1.0	200000 - 224999	46	0.0	0.0	1.0	2013	2013-02-01	0	9.78507871321013	36.0	0.01747395736	Variable Annuity	혼합형	26734.277	3.891	298.708	3.6	3917.488595145090	16648.189	1.9842105263157900	232.937	7.7	1512.3115812602800
101	221300011022.0	746.920223	1833.0	1954-10-29	250000.0	1	1.0	300000 - 349999	68	1.0	1.0	0.0	2017	2017-11-01	0	5.018480492813140	63.0	0.002987680892	Variable Annuity	안정형	26734.277	3.891	298.708	3.6	3917.488595145090	20037.088	2.3533333333333300	247.284	4.2	2593.605736142110
102	221300953719.0	1295.268874	442.0	1944-07-02	87500.0	0	10.0	150000 - 174999	78	1.0	1.0	1.0	2021	2021-09-01	0	1.2101300479123900	77.0	0.0148030728457142	Variable Universal Life	혼합형	26734.277	3.891	298.708	3.6	3917.488595145090	23921.991	1.3747619047619000	273.942	4.7	4445.543317522320
103	221300811773.0	763.155908	6291.0	1977-05-23	87500.0	0	9.0	100000 - 124999	45	1.0	0.0	1.0	2005	2005-09-01	0	17.22381930184810	28.0	0.0087217818057142	Variable Whole Life	공격형	26734.277	3.891	298.708	3.6	3917.488595145090	13142.642	4.199047619047620	198.8	5.0	1225.914771670390
104	221302845945.0	586.681161	6291.0	1962-07-28	70000.0	1	10.0	75000 - 99999	60	1.0	1.0	1.0	2005	2005-09-01	0	17.22381930184810	43.0	0.0083811594428571	Variable Annuity	혼합형	26734.277	3.891	298.708	3.6	3917.488595145090	13142.642	4.199047619047620	198.8	5.0	1225.914771670390
105	221302265016.0	1008.183814	6291.0	1969-09-25	225000.0	1	15.0	150000 - 174999	53	1.0	0.0	1.0	2005	2005-09-01	0	17.22381930184810	35.0	0.0044808169511111	Variable Annuity	혼합형	26734.277	3.891	298.708	3.6	3917.488595145090	13142.642	4.199047619047620	198.8	5.0	1225.914771670390
106	221302002011.0	610.580759	975.0	1987-03-22	70000.0	1	2.0	50000 - 74999	36	1.0	0.0	1.0	2020	2020-04-01	1	2.6694045174538000	33.0	0.0087225822714285	Variable Annuity	혼합형	26734.277	3.616190476190480	298.808	3.5	3912.380952380950	19935.444	0.6576190476190480	256.032	14.8	2761.975225539430
107	221302683514.0	605.140989	2473.0	1989-12-21	52500.0	1	2.0	75000 - 99999	33	0.0	0.0	1.0	2016	2016-02-01	0	6.770704996577690	26.0	0.0115264950285714	Variable Universal Life	혼합형	26734.277	3.891	298.708	3.6	3917.488595145090	18525.933	1.7795	237.336	4.9	1904.418493652340
108	221302752739.0	1037.67725	1557.0	1962-05-27	32500.0	0	12.0	1000000 Plus	60	1.0	1.0	1.0	2018	2018-08-01	0	4.262833675564680	56.0	0.0319285307692307	Variable Annuity	안정형	26734.277	3.891	298.708	3.6	3917.488595145090	20798.73	2.889130434782610	251.663	3.8	2857.8204292629100
109	221302296814.0	784.901979	6291.0	1959-06-29	80372.176	0	4.0	25000 - 49999	63	0.0	0.0	1.0	2005	2005-09-01	0	17.22381930184810	46.0	0.0097658420869431	Variable Whole Life	공격형	26734.277	3.891	298.708	3.6	3917.488595145090	13142.642	4.199047619047620	198.8	5.0	1225.914771670390
110	221302876525.0	1213.757093	6291.0	1945-08-01	62500.0	0	11.0	75000 - 99999	77	1.0	1.0	1.0	2005	2005-09-01	0	17.22381930184810	60.0	0.019420113488	Variable Annuity	안정형	26734.277	3.891	298.708	3.6	3917.488595145090	13142.642	4.199047619047620	198.8	5.0	1225.914771670390
111	221301599196.0	1063.955215	6291.0	1943-08-03	62500.0	0	7.0	25000 - 49999	79	1.0	0.0	1.0	2005	2005-09-01	0	17.22381930184810	62.0	0.01702328344	Variable Whole Life	혼합형	26734.277	3.891	298.708	3.6	3917.488595145090	13142.642	4.199047619047620	198.8	5.0	1225.914771670390
112	221301335502.0	801.650555	6291.0	1969-07-26	125000.0	0	5.0	100000 - 124999	53	1.0	0.0	1.0	2005	2005-09-01	0	17.22381930184810	36.0	0.00641320444	Variable Annuity	공격형	26734.277	3.891	298.708	3.6	3917.488595145090	13142.642	4.199047619047620	198.8	5.0	1225.914771670390
113	221301755111.0	1073.79406	6291.0	1966-02-24	32500.0	0	5.0	75000 - 99999	57	1.0	0.0	1.0	2005	2005-09-01	0	17.22381930184810	39.0	0.0330398172307692	Variable Annuity	안정형	26734.277	3.891	298.708	3.6	3917.488595145090	13142.642	4.199047619047620	198.8	5.0	1225.914771670390
114	221300982184.0	636.978773	4863.0	1971-09-26	87500.0	1	2.0	100000 - 124999	51	1.0	1.0	1.0	2009	2009-08-01	0	13.314168377823400	37.0	0.0072797574057142	Variable Whole Life	공격형	26734.277	3.891	298.708	3.6	3917.488595145090	14448.882	3.587142857142860	215.445	9.6	1009.7247576032400
115	221300379147.0	1215.460219	6291.0	1959-10-29	80372.176	0	15.0	225000 - 249999	63	0.0	0.0	0.0	2005	2005-09-01	0	17.22381930184810	45.0	0.0151228979914641	Variable Whole Life	혼합형	26734.277	3.891	298.708	3.6	3917.488595145090	13142.642	4.199047619047620	198.8	5.0	1225.914771670390
116	221300452510.0	588.439353	3375.0	1990-10-20	70000.0	1	2.0	125000 - 149999	32	0.0	0.0	1.0	2013	2013-09-01	0	9.240246406570840	22.0	0.0084062764714285	Variable Universal Life	공격형	26734.277	3.891	298.708	3.6	3917.488595145090	16953.838	2.8095	233.544	7.2	1687.1735046386700
117	221302976128.0	877.229215	6291.0	1954-03-29	125000.0	0	8.0	100000 - 124999	69	1.0	1.0	1.0	2005	2005-09-01	0	17.22381930184810	51.0	0.00701783372	Variable Annuity	혼합형	26734.277	3.891	298.708	3.6	3917.488595145090	13142.642	4.199047619047620	198.8	5.0	1225.914771670390
118	221301476051.0	1240.819759	6291.0	1971-05-26	80372.176	1	12.0	200000 - 224999	51	1.0	0.0	1.0	2005	2005-09-01	0	17.22381930184810	34.0	0.0154384243497401	Variable Universal Life	혼합형	26734.277	3.891	298.708	3.6	3917.488595145090	13142.642	4.199047619047620	198.8	5.0	1225.914771670390
119	221301145900.0	1022.496185	6291.0	1979-05-24	125000.0	0	5.0	100000 - 124999	43	1.0	0.0	1.0	2005	2005-09-01	0	17.22381930184810	26.0	0.00817996948	Variable Annuity	공격형	26734.277	3.891	298.708	3.6	3917.488595145090	13142.642	4.199047619047620	198.8	5.0	1225.914771670390
120	221301589962.0	1391.121251	6291.0	1962-10-27	225000.0	1	6.0	200000 - 224999	60	1.0	0.0	1.0	2005	2005-09-01	0	17.22381930184810	42.0	0.0061827611155555	Variable Whole Life	공격형	26734.277	3.891	298.708	3.6	3917.488595145090	13142.642	4.199047619047620	198.8	5.0	1225.914771670390
121	221302871186.0	873.201098	3798.0	1975-04-25	70000.0	1	4.0	225000 - 249999	48	1.0	1.0	1.0	2012	2012-07-01	0	10.39835728952770	37.0	0.0124743014	Variable Universal Life	공격형	26734.277	3.891	298.708	3.6	3917.488595145090	16319.541	1.5266666666666700	228.59	8.2	1359.7761986142100
122	221301026547.0	719.200998	2061.0	1967-05-27	87500.0	0	13.0	125000 - 149999	55	1.0	0.0	1.0	2017	2017-04-01	0	5.642710472279260	49.0	0.0082194399771428	Variable Whole Life	혼합형	26734.277	3.891	298.708	3.6	3917.488595145090	19438.643	2.2973684210526300	244.193	4.4	2359.309454666940
123	221301088887.0	1018.901958	124.0	1970-12-26	70000.0	1	10.0	125000 - 149999	52	1.0	1.0	1.0	2022	2022-07-01	1	0.3394934976043810	51.0	0.0145557422571428	Variable Annuity	혼합형	26734.277	3.616190476190480	298.808	3.5	3912.380952380950	26272.011	2.896	294.94	3.5	3911.7294921875
124	221303029945.0	809.158415	3393.0	1978-06-23	22500.0	0	0.0	Unknown	44	0.0	0.0	1.0	2013	2013-08-01	0	9.28952772073922	35.0	0.0359625962222222	Variable Whole Life	혼합형	26734.277	3.891	298.708	3.6	3917.488595145090	16953.838	2.7372727272727300	233.456	7.2	1670.0936390269900
125	221301415284.0	947.112509	4332.0	1965-06-26	70000.0	0	13.0	175000 - 199999	57	1.0	1.0	1.0	2011	2011-01-01	0	11.860369609856300	45.0	0.0135301787	Variable Annuity	혼합형	26734.277	3.891	298.708	3.6	3917.488595145090	15351.448	3.3940000000000000	221.187	9.1	1282.6184997558600
126	221303288177.0	411.857965	2111.0	1966-06-26	87500.0	0	0.0	Unknown	56	0.0	1.0	1.0	2017	2017-02-01	1	5.779603011635870	50.0	0.0047069481714285	Variable Universal Life	공격형	26734.277	3.616190476190480	298.808	3.5	3912.380952380950	19280.084	2.4189473684210500	244.006	4.6	2329.9105417352000
127	221300246978.0	729.06764	2782.0	1954-03-29	87500.0	0	15.0	100000 - 124999	69	1.0	1.0	1.0	2015	2015-04-01	0	7.616700889801510	61.0	0.0083322016	Variable Annuity	혼합형	26734.277	3.891	298.708	3.6	3917.488595145090	18279.784	1.935	236.222	5.4	2094.862839471730
128	221300172169.0	1090.521828	306.0	1963-01-26	52500.0	1	2.0	75000 - 99999	60	1.0	0.0	1.0	2022	2022-01-01	1	0.837782340862423	59.0	0.0207718443428571	Variable Universal Life	혼합형	26734.277	3.616190476190480	298.808	3.5	3912.380952380950	25215.491	1.764	282.542	4.0	4573.815454101560
129	221300013630.0	1055.587727	6291.0	1947-01-30	70000.0	1	15.0	125000 - 149999	76	0.0	0.0	1.0	2005	2005-09-01	0	17.22381930184810	58.0	0.0150798246714285	Variable Annuity	혼합형	26734.277	3.891	298.708	3.6	3917.488595145090	13142.642	4.199047619047620	198.8	5.0	1225.914771670390
130	221301617640.0	543.94259	4916.0	1960-02-27	87500.0	0	15.0	50000 - 74999	63	1.0	0.0	1.0	2009	2009-06-01	0	13.45927446954140	49.0	0.0062164867428571	Variable Whole Life	혼합형	26734.277	3.891	298.708	3.6	3917.488595145090	14381.236	3.7218181818181800	214.79	9.5	926.115001331676
131	221301215613.0	1283.5561	6291.0	1959-10-29	27500.0	0	15.0	25000 - 49999	63	1.0	0.0	1.0	2005	2005-09-01	0	17.22381930184810	45.0	0.0466747672727272	Variable Whole Life	혼합형	26734.277	3.891	298.708	3.6	3917.488595145090	13142.642	4.199047619047620	198.8	5.0	1225.914771670390
132	221302426381.0	1346.155197	6291.0	1946-03-31	37500.0	1	2.0	75000 - 99999	77	1.0	0.0	1.0	2005	2005-09-01	0	17.22381930184810	59.0	0.03589747192	Variable Annuity	안정형	26734.277	3.891	298.708	3.6	3917.488595145090	13142.642	4.199047619047620	198.8	5.0	1225.914771670390
133	221301228737.0	956.601415	5985.0	1975-03-25	37500.0	0	0.0	Unknown	48	0.0	1.0	0.0	2006	2006-07-01	0	16.386036960985600	31.0	0.0255093710666666	Variable Annuity	안정형	26734.277	3.891	298.708	3.6	3917.488595145090	13870.188	5.0875	202.9	4.7	1260.2345031738300
134	221301732500.0	832.92463	274.0	1967-07-28	37500.0	0	11.0	50000 - 74999	55	1.0	1.0	1.0	2022	2022-03-01	0	0.7501711156741960	54.0	0.0222113234666666	Variable Annuity	혼합형	26734.277	3.891	298.708	3.6	3917.488595145090	25215.491	2.1278260869565200	287.467	3.7	4391.265264096470
135	221302498491.0	644.16314	6291.0	1951-01-29	70000.0	0	6.0	100000 - 124999	72	1.0	0.0	1.0	2005	2005-09-01	0	17.22381930184810	54.0	0.0092023305714285	Variable Annuity	혼합형	26734.277	3.891	298.708	3.6	3917.488595145090	13142.642	4.199047619047620	198.8	5.0	1225.914771670390
136	221301821715.0	1006.213979	2262.0	1974-01-22	125000.0	1	10.0	100000 - 124999	49	1.0	1.0	1.0	2016	2016-09-01	0	6.193018480492810	42.0	0.008049711832	Variable Annuity	혼합형	26734.277	3.891	298.708	3.6	3917.488595145090	18892.639	1.6304761904761900	241.176	5.0	2157.690964471730
137	221302363050.0	940.872282	1046.0	1976-05-24	47500.0	0	15.0	50000 - 74999	46	1.0	1.0	1.0	2020	2020-01-01	0	2.863791923340180	43.0	0.0198078375157894	Variable Annuity	혼합형	26734.277	3.891	298.708	3.6	3917.488595145090	21727.657	1.757619047619050	259.127	3.6	3278.202857607890
138	221300102259.0	739.648754	3448.0	1986-02-19	70000.0	0	14.0	50000 - 74999	37	1.0	1.0	1.0	2013	2013-06-01	0	9.440109514031480	27.0	0.0105664107714285	Variable Whole Life	공격형	26734.277	3.891	298.708	3.6	3917.488595145090	16728.687	2.3	232.445	7.5	1618.7725158691400
139	221300103442.0	758.295951	4027.0	1992-01-19	80372.176	0	0.0	50000 - 74999	31	1.0	0.0	1.0	2011	2011-11-01	0	11.025325119781000	19.0	0.0094348067794008	Variable Annuity	혼합형	26734.277	3.891	298.708	3.6	3917.488595145090	15842.259	2.0135000000000000	227.169	8.6	1226.414771670390
140	221303161113.0	951.219428	1349.0	1986-07-22	80372.176	1	6.801	75000 - 99999	36	0.0	0.0	0.0	2019	2019-03-01	0	3.693360711841210	32.0	0.0118351832106673	Variable Universal Life	공격형	26734.277	3.891	298.708	3.6	3917.488595145090	21111.6	2.570952380952380	254.277	3.8	2803.9837937128000
141	221300162057.0	1058.853206	2471.0	1959-11-29	225000.0	0	10.0	150000 - 174999	63	1.0	0.0	1.0	2016	2016-02-01	0	6.765229295003420	56.0	0.0047060142488888	Variable Annuity	혼합형	26734.277	3.891	298.708	3.6	3917.488595145090	18525.933	1.7795	237.336	4.9	1904.418493652340
142	221300842557.0	1115.828821	191.0	1952-09-30	125000.0	0	15.0	125000 - 149999	70	1.0	0.0	1.0	2022	2022-05-01	0	0.5229295003422310	69.0	0.008926630568	Variable Annuity	혼합형	26734.277	3.891	298.708	3.6	3917.488595145090	25805.791	2.8980952380952400	291.299	3.6	4040.3600027901800
143	221300690519.0	639.312667	738.0	1991-07-22	57500.0	1	8.0	75000 - 99999	31	1.0	0.0	1.0	2020	2020-11-01	0	2.020533880903490	29.0	0.0111184811652173	Variable Whole Life	공격형	26734.277	3.891	298.708	3.6	3917.488595145090	22068.767	0.8700000000000000	260.911	6.7	3548.99248046875
144	221301684436.0	939.449541	1878.0	1970-09-25	87500.0	1	1.0	250000 - 274999	52	1.0	0.0	1.0	2017	2017-10-01	0	5.141683778234090	47.0	0.0107365661828571	Variable Whole Life	혼합형	26734.277	3.891	298.708	3.6	3917.488595145090	20037.088	2.3600000000000000	246.626	4.2	2556.9972700639200
145	221303267953.0	943.067234	1879.0	1953-07-30	17500.0	0	12.0	75000 - 99999	69	1.0	1.0	1.0	2017	2017-10-01	0	5.144421629021220	64.0	0.0538895562285714	Variable Annuity	안정형	26734.277	3.891	298.708	3.6	3917.488595145090	20037.088	2.3600000000000000	246.626	4.2	2556.9972700639200
146	221301582422.0	824.605511	131.0	1969-02-23	37500.0	1	15.0	50000 - 74999	54	1.0	1.0	1.0	2022	2022-07-01	1	0.3586584531143050	53.0	0.0219894802933333	Variable Whole Life	혼합형	26734.277	3.616190476190480	298.808	3.5	3912.380952380950	26272.011	2.896	294.94	3.5	3911.7294921875
147	221302212196.0	306.821081	3850.0	1988-10-21	87500.0	1	2.0	75000 - 99999	34	1.0	0.0	1.0	2012	2012-05-01	0	10.54072553045860	23.0	0.00350652664	Variable Whole Life	공격형	26734.277	3.891	298.708	3.6	3917.488595145090	16207.115	1.8031818181818200	228.713	8.2	1341.2727161754300
148	221302939260.0	1050.576185	5362.0	1972-05-25	70000.0	0	5.0	75000 - 99999	50	1.0	1.0	1.0	2008	2008-03-01	0	14.680355920602300	35.0	0.0150082312142857	Variable Annuity	혼합형	26734.277	3.891	298.708	3.6	3917.488595145090	14706.538	3.51	213.448	5.1	1316.9429931640600
149	221300348907.0	944.002172	2020.0	1995-10-20	37500.0	0	15.0	25000 - 49999	27	1.0	0.0	1.0	2017	2017-05-01	0	5.530458590006850	21.0	0.0251733912533333	Variable Whole Life	공격형	26734.277	3.891	298.708	3.6	3917.488595145090	19438.643	2.3036363636363600	244.004	4.4	2395.345880681820
150	221303209189.0	844.582704	234.0	1972-12-25	125000.0	0	2.0	200000 - 224999	50	1.0	1.0	0.0	2022	2022-04-01	0	0.6406570841889120	49.0	0.006756661632	Variable Universal Life	혼합형	26734.277	3.891	298.708	3.6	3917.488595145090	25805.791	2.7475	288.582	3.7	4391.29599609375
151	221303046228.0	967.841726	6289.0	1955-10-30	70000.0	1	6.0	100000 - 124999	67	1.0	1.0	1.0	2005	2005-09-01	0	17.218343600273800	49.0	0.0138263103714285	Variable Annuity	혼합형	26734.277	3.891	298.708	3.6	3917.488595145090	13142.642	4.199047619047620	198.8	5.0	1225.914771670390
152	221301244880.0	1320.283914	470.0	1940-09-02	87500.0	1	12.0	150000 - 174999	82	1.0	1.0	1.0	2021	2021-08-01	0	1.2867898699520900	80.0	0.0150889590171428	Variable Universal Life	안정형	26734.277	3.891	298.708	3.6	3917.488595145090	23921.991	1.2831818181818200	272.752	5.1	4453.965931285510
153	221303039953.0	464.397559	6277.0	1970-08-25	12500.0	1	15.0	25000 - 49999	52	1.0	1.0	0.0	2005	2005-09-01	0	17.1854893908282	35.0	0.03715180472	Variable Whole Life	혼합형	26734.277	3.891	298.708	3.6	3917.488595145090	13142.642	4.199047619047620	198.8	5.0	1225.914771670390
154	221300208384.0	736.466746	1212.0	1982-11-22	187500.0	0	1.0	275000 - 299999	40	0.0	0.0	1.0	2019	2019-08-01	0	3.3182751540041100	36.0	0.0039278226453333	Variable Universal Life	공격형	26734.277	3.891	298.708	3.6	3917.488595145090	21717.171	1.6263636363636400	256.036	3.6	2897.450450550430
155	221302348203.0	1138.020525	2052.0	1967-07-28	87500.0	0	15.0	50000 - 74999	55	1.0	0.0	1.0	2017	2017-04-01	0	5.618069815195070	49.0	0.0130059488571428	Variable Whole Life	혼합형	26734.277	3.891	298.708	3.6	3917.488595145090	19438.643	2.2973684210526300	244.193	4.4	2359.309454666940
156	221301280879.0	1680.879057	88.0	1980-12-23	62500.0	1	9.0	50000 - 74999	42	1.0	1.0	1.0	2022	2022-09-01	0	0.2409308692676250	41.0	0.026894064912	Variable Annuity	혼합형	26734.277	3.891	298.708	3.6	3917.488595145090	26272.011	3.519047619047620	296.421	3.5	3850.520496186760
157	221301770046.0	699.973427	2894.0	1965-05-26	125000.0	1	2.0	50000 - 74999	57	1.0	1.0	1.0	2014	2014-12-01	0	7.923340177960300	49.0	0.005599787416	Variable Universal Life	공격형	26734.277	3.891	298.708	3.6	3917.488595145090	17912.079	2.2072727272727300	236.252	5.6	2054.2663629705300
158	221302868435.0	1000.505621	6109.0	1971-07-27	70000.0	1	8.0	50000 - 74999	51	1.0	1.0	1.0	2006	2006-03-01	0	16.725530458590000	34.0	0.0142929374428571	Variable Whole Life	혼합형	26734.277	3.891	298.708	3.6	3917.488595145090	13599.16	4.7239130434782600	199.7	4.7	1293.7347783627700
159	221303090023.0	369.069094	3919.0	1983-07-24	52500.0	0	5.0	75000 - 99999	39	1.0	0.0	1.0	2012	2012-03-01	0	10.729637234770700	28.0	0.0070298875047619	Variable Annuity	공격형	26734.277	3.891	298.708	3.6	3917.488595145090	16068.805	2.1727272727272700	228.807	8.2	1389.2400013316800
160	221302949911.0	151.528826	69.0	1986-01-19	80372.176	0	3.0	150000 - 174999	37	1.0	0.0	1.0	2022	2022-09-01	0	0.188911704312115	36.0	0.0018853393492792	Variable Universal Life	혼합형	26734.277	3.891	298.708	3.6	3917.488595145090	26272.011	3.519047619047620	296.421	3.5	3850.520496186760
161	221300661068.0	1153.338574	1204.0	1967-07-07	12500.0	0	15.0	50000 - 74999	55	1.0	0.0	1.0	2019	2019-08-01	0	3.29637234770705	52.0	0.09226708592	Variable Whole Life	혼합형	26734.277	3.891	298.708	3.6	3917.488595145090	21717.171	1.6263636363636400	256.036	3.6	2897.450450550430
162	221302963039.0	1058.817506	5501.0	1974-11-24	125000.0	1	13.0	100000 - 124999	48	1.0	0.0	1.0	2007	2007-11-01	1	15.06091718001370	32.0	0.008470540048	Variable Annuity	공격형	26734.277	3.616190476190480	298.808	3.5	3912.380952380950	14715.058	4.1485	210.834	4.7	1463.3852364676300
163	221302247176.0	734.401208	5896.0	1972-09-25	87500.0	1	0.0	Unknown	50	0.0	0.0	1.0	2006	2006-10-01	0	16.142368240930900	34.0	0.0083931566628571	Variable Annuity	혼합형	26734.277	3.891	298.708	3.6	3917.488595145090	14039.56	4.729047619047620	201.9	4.4	1363.3772638494300
164	221301514686.0	1031.519254	1412.0	1992-02-19	250000.0	0	2.0	150000 - 174999	31	1.0	0.0	1.0	2019	2019-01-01	1	3.865845311430530	26.0	0.004126077016	Variable Universal Life	공격형	26734.277	3.616190476190480	298.808	3.5	3912.380952380950	21111.6	2.713809523809520	252.561	4.0	2607.3899972098200
165	221301177409.0	1178.213717	5239.0	1973-02-22	70000.0	1	2.0	125000 - 149999	50	1.0	1.0	1.0	2008	2008-07-01	0	14.34360027378510	35.0	0.0168316245285714	Variable Whole Life	혼합형	26734.277	3.891	298.708	3.6	3917.488595145090	14898.999	4.007727272727270	219.016	5.8	1257.32636607777
166	221300285957.0	531.298925	77.0	1983-10-23	47500.0	1	2.0	125000 - 149999	39	0.0	1.0	0.0	2022	2022-09-01	1	0.2108145106091720	38.0	0.0111852405263157	Variable Whole Life	혼합형	26734.277	3.616190476190480	298.808	3.5	3912.380952380950	26272.011	3.519047619047620	296.421	3.5	3850.520496186760
167	221300209649.0	395.505205	2734.0	1986-04-21	70000.0	1	3.0	100000 - 124999	37	1.0	0.0	1.0	2015	2015-06-01	0	7.485284052019170	29.0	0.0056500743571428	Variable Annuity	혼합형	26734.277	3.891	298.708	3.6	3917.488595145090	18279.784	2.363636363636360	237.657	5.3	2099.2836581143500
168	221301000538.0	579.736818	2940.0	1990-05-20	37500.0	1	3.0	150000 - 174999	32	0.0	0.0	1.0	2014	2014-11-01	0	8.049281314168380	24.0	0.01545964848	Variable Whole Life	혼합형	26734.277	3.891	298.708	3.6	3917.488595145090	17912.079	2.3255555555555600	236.983	5.8	2044.5721050061700
169	221300747388.0	1095.348842	1505.0	1963-10-28	57500.0	0	1.0	100000 - 124999	59	1.0	0.0	1.0	2018	2018-10-01	0	4.120465434633810	54.0	0.0190495450782608	Variable Whole Life	안정형	26734.277	3.891	298.708	3.6	3917.488595145090	20917.867	3.152272727272730	252.772	3.8	2785.4647800611400
170	221302280612.0	980.063286	3096.0	1995-01-18	125000.0	1	15.0	75000 - 99999	28	1.0	0.0	1.0	2014	2014-06-01	0	8.476386036960990	19.0	0.007840506288	Variable Annuity	공격형	26734.277	3.891	298.708	3.6	3917.488595145090	17518.508	2.5985714285714300	237.231	6.1	1947.087611607140
171	221302908313.0	1146.189453	3538.0	1972-09-25	42500.0	0	6.0	75000 - 99999	50	1.0	0.0	1.0	2013	2013-03-01	0	9.686516084873380	40.0	0.0269691636	Variable Whole Life	혼합형	26734.277	3.891	298.708	3.6	3917.488595145090	16648.189	1.9575	232.282	7.5	1550.8289855957000
172	221302116359.0	1366.633437	1956.0	1969-04-25	125000.0	0	15.0	50000 - 74999	54	1.0	0.0	1.0	2017	2017-07-01	0	5.355236139630390	48.0	0.010933067496	Variable Universal Life	공격형	26734.277	3.891	298.708	3.6	3917.488595145090	19692.595	2.318	244.243	4.3	2454.102502441410
173	221301980527.0	993.000998	6291.0	1968-12-26	250000.0	1	5.0	200000 - 224999	54	1.0	1.0	1.0	2005	2005-09-01	0	17.22381930184810	36.0	0.0039720039919999	Variable Whole Life	공격형	26734.277	3.891	298.708	3.6	3917.488595145090	13142.642	4.199047619047620	198.8	5.0	1225.914771670390
174	221303231062.0	879.286139	2778.0	1966-12-27	87500.0	0	14.0	75000 - 99999	56	1.0	1.0	1.0	2015	2015-04-01	0	7.605749486652980	48.0	0.0100489844457142	Variable Whole Life	공격형	26734.277	3.891	298.708	3.6	3917.488595145090	18279.784	1.935	236.222	5.4	2094.862839471730
175	221302746904.0	1109.607074	80.0	1967-07-07	42500.0	0	1.0	50000 - 74999	55	1.0	0.0	1.0	2022	2022-09-01	1	0.2190280629705680	55.0	0.0261084017411764	Variable Annuity	안정형	26734.277	3.616190476190480	298.808	3.5	3912.380952380950	26272.011	3.519047619047620	296.421	3.5	3850.520496186760
176	221300487417.0	986.619802	1204.0	1967-07-07	52500.0	1	5.0	75000 - 99999	55	1.0	1.0	1.0	2019	2019-08-01	0	3.29637234770705	52.0	0.0187927581333333	Variable Whole Life	안정형	26734.277	3.891	298.708	3.6	3917.488595145090	21717.171	1.6263636363636400	256.036	3.6	2897.450450550430
177	221301458388.0	909.664497	1899.0	1984-03-22	62500.0	1	12.0	25000 - 49999	39	1.0	0.0	1.0	2017	2017-09-01	0	5.19917864476386	33.0	0.014554631952	Variable Universal Life	혼합형	26734.277	3.891	298.708	3.6	3917.488595145090	19692.595	2.202	246.435	4.3	2492.8410400390600
178	221302092097.0	713.902766	3233.0	1979-09-24	125000.0	1	7.0	175000 - 199999	43	1.0	1.0	1.0	2014	2014-01-01	0	8.851471594798080	34.0	0.005711222128	Variable Universal Life	공격형	26734.277	3.891	298.708	3.6	3917.488595145090	17197.738	2.858095238095240	235.288	6.6	1822.3566603887600
179	221301781066.0	853.730112	5190.0	1988-04-21	57500.0	1	4.0	175000 - 199999	35	0.0	0.0	1.0	2008	2008-09-01	0	14.209445585215600	20.0	0.0148474802086956	Variable Whole Life	공격형	26734.277	3.891	298.708	3.6	3917.488595145090	14898.999	3.686190476190480	218.877	6.1	1217.0228562128000
180	221301462442.0	1290.323429	1952.0	1969-05-25	70000.0	1	9.0	200000 - 224999	53	1.0	1.0	1.0	2017	2017-07-01	0	5.344284736481860	48.0	0.0184331918428571	Variable Whole Life	혼합형	26734.277	3.891	298.708	3.6	3917.488595145090	19692.595	2.318	244.243	4.3	2454.102502441410
181	221300852526.0	851.298275	2484.0	1977-10-23	70000.0	1	6.0	125000 - 149999	45	1.0	0.0	1.0	2016	2016-02-01	0	6.80082135523614	38.0	0.0121614039285714	Variable Whole Life	혼합형	26734.277	3.891	298.708	3.6	3917.488595145090	18525.933	1.7795	237.336	4.9	1904.418493652340
182	221300871827.0	494.344658	3222.0	1960-11-28	27500.0	0	3.0	200000 - 224999	62	1.0	1.0	1.0	2014	2014-02-01	0	8.821355236139630	53.0	0.0179761693818181	Variable Whole Life	안정형	26734.277	3.891	298.708	3.6	3917.488595145090	17197.738	2.709473684210530	235.547	6.7	1817.0347386410400
183	221301282831.0	502.853588	3099.0	1983-10-23	62500.0	0	15.0	50000 - 74999	39	1.0	0.0	1.0	2014	2014-06-01	0	8.484599589322380	30.0	0.008045657408	Variable Whole Life	혼합형	26734.277	3.891	298.708	3.6	3917.488595145090	17518.508	2.5985714285714300	237.231	6.1	1947.087611607140
184	221301734519.0	1236.632049	2008.0	1967-07-07	32500.0	0	12.0	50000 - 74999	55	1.0	0.0	0.0	2017	2017-06-01	0	5.49760438056126	49.0	0.0380502168923076	Variable Annuity	혼합형	26734.277	3.891	298.708	3.6	3917.488595145090	19438.643	2.186818181818180	244.163	4.3	2433.98545143821
185	221301573634.0	1039.543747	4953.0	1977-11-23	125000.0	1	9.0	100000 - 124999	45	1.0	0.0	1.0	2009	2009-05-01	0	13.560574948665300	31.0	0.008316349976	Variable Whole Life	공격형	26734.277	3.891	298.708	3.6	3917.488595145090	14381.236	3.293	213.022	9.4	902.4085021972660
186	221303004058.0	1217.837182	5704.0	1970-04-25	87500.0	1	8.0	75000 - 99999	53	1.0	1.0	1.0	2007	2007-04-01	0	15.616700889801500	36.0	0.0139181392228571	Variable Whole Life	공격형	26734.277	3.891	298.708	3.6	3917.488595145090	14402.082	4.6938095238095200	205.904	4.5	1463.6405029296900
187	221303131079.0	805.196347	1425.0	1961-08-27	22500.0	0	8.0	75000 - 99999	61	1.0	0.0	0.0	2019	2019-01-01	1	3.901437371663240	57.0	0.0357865043111111	Variable Annuity	안정형	26734.277	3.616190476190480	298.808	3.5	3912.380952380950	21111.6	2.713809523809520	252.561	4.0	2607.3899972098200
188	221302604943.0	470.044642	2862.0	1995-10-20	22500.0	0	6.0	50000 - 74999	27	0.0	0.0	0.0	2015	2015-01-01	0	7.835728952772070	19.0	0.0208908729777777	Variable Whole Life	혼합형	26734.277	3.891	298.708	3.6	3917.488595145090	18063.529	1.8815	234.747	5.7	2028.1785095214800
189	221302234144.0	1189.375345	4031.0	1968-03-26	250000.0	1	15.0	150000 - 174999	55	1.0	1.0	1.0	2011	2011-11-01	0	11.0362765229295	43.0	0.0047575013799999	Variable Whole Life	혼합형	26734.277	3.891	298.708	3.6	3917.488595145090	15842.259	2.0135000000000000	227.169	8.6	1226.414771670390
190	221302911365.0	830.850195	2810.0	1967-07-07	17500.0	0	11.0	50000 - 74999	55	1.0	0.0	1.0	2015	2015-03-01	0	7.693360711841210	47.0	0.047477154	Variable Annuity	안정형	26734.277	3.891	298.708	3.6	3917.488595145090	18063.529	2.0427272727272700	235.976	5.4	2079.9904396750700
191	221300466806.0	810.339834	6175.0	1948-08-31	57500.0	0	15.0	300000 - 349999	74	1.0	0.0	1.0	2006	2006-01-01	0	16.906228610540700	57.0	0.0140928666782608	Variable Annuity	혼합형	26734.277	3.891	298.708	3.6	3917.488595145090	13599.16	4.416	199.3	4.7	1278.7224975585900
192	221302299607.0	608.871408	4280.0	1978-12-24	62500.0	0	6.0	75000 - 99999	44	1.0	1.0	1.0	2011	2011-03-01	0	11.718001368925400	32.0	0.009741942528	Variable Whole Life	혼합형	26734.277	3.891	298.708	3.6	3917.488595145090	15351.448	3.4143478260869600	223.046	9.0	1304.4865138841700
193	221300838972.0	769.757836	80.0	1967-07-07	22500.0	0	7.0	125000 - 149999	55	1.0	0.0	1.0	2022	2022-09-01	1	0.2190280629705680	55.0	0.0342114593777777	Variable Universal Life	혼합형	26734.277	3.616190476190480	298.808	3.5	3912.380952380950	26272.011	3.519047619047620	296.421	3.5	3850.520496186760
194	221300283188.0	775.096986	316.0	1961-10-27	70000.0	1	4.0	125000 - 149999	61	1.0	1.0	1.0	2022	2022-01-01	0	0.865160848733744	60.0	0.0110728140857142	Variable Universal Life	혼합형	26734.277	3.891	298.708	3.6	3917.488595145090	25215.491	1.764	282.542	4.0	4573.815454101560
195	221300799851.0	1085.873687	84.0	1982-02-20	70000.0	0	15.0	75000 - 99999	41	1.0	0.0	1.0	2022	2022-09-01	1	0.2299794661190970	40.0	0.0155124812428571	Variable Universal Life	혼합형	26734.277	3.616190476190480	298.808	3.5	3912.380952380950	26272.011	3.519047619047620	296.421	3.5	3850.520496186760
196	221301209409.0	803.481372	5566.0	1977-04-23	70000.0	1	4.0	100000 - 124999	46	1.0	1.0	0.0	2007	2007-09-01	0	15.238877481177300	30.0	0.0114783053142857	Variable Whole Life	혼합형	26734.277	3.891	298.708	3.6	3917.488595145090	14564.117	4.521578947368420	208.547	4.7	1497.1163265830600
197	221303089035.0	1124.276138	3326.0	1986-10-21	32500.0	1	15.0	25000 - 49999	36	1.0	0.0	0.0	2013	2013-10-01	0	9.10609171800137	27.0	0.0345931119384615	Variable Whole Life	혼합형	26734.277	3.891	298.708	3.6	3917.488595145090	17192.019	2.6159090909090900	233.669	7.2	1720.0265317170500
198	221300660053.0	886.746504	3170.0	1990-07-21	87500.0	1	3.0	75000 - 99999	32	1.0	0.0	1.0	2014	2014-03-01	0	8.678986995208760	23.0	0.0101342457599999	Variable Universal Life	공격형	26734.277	3.891	298.708	3.6	3917.488595145090	17197.738	2.723333333333330	236.028	6.7	1863.5233386811800
199	221301582029.0	894.563918	48.0	1991-11-21	37500.0	1	5.0	75000 - 99999	31	1.0	1.0	1.0	2022	2022-10-01	1	0.1314168377823410	30.0	0.0238550378133333	Variable Whole Life	혼합형	26734.277	3.616190476190480	298.808	3.5	3912.380952380950	26734.277	3.9835	297.979	3.6	3726.050955636160
200	221301490010.0	1093.163583	119.0	1988-09-21	125000.0	0	4.0	75000 - 99999	34	1.0	0.0	1.0	2022	2022-08-01	1	0.3258042436687200	33.0	0.008745308664	Variable Universal Life	혼합형	26734.277	3.616190476190480	298.808	3.5	3912.380952380950	26272.011	2.8978260869565200	295.162	3.6	4158.563083814540
201	221300092548.0	1062.940746	1696.0	1981-10-22	37500.0	1	11.0	75000 - 99999	41	1.0	0.0	1.0	2018	2018-04-01	0	4.643394934976040	36.0	0.02834508656	Variable Annuity	안정형	26734.277	3.891	298.708	3.6	3917.488595145090	20580.912	2.869047619047620	250.227	4.0	2653.6252092633900
202	221301555977.0	400.140666	1694.0	1986-06-21	32500.0	1	15.0	25000 - 49999	36	1.0	0.0	0.0	2018	2018-04-01	0	4.63791923340178	31.0	0.0123120204923076	Variable Whole Life	안정형	26734.277	3.891	298.708	3.6	3917.488595145090	20580.912	2.869047619047620	250.227	4.0	2653.6252092633900
203	221300438194.0	1147.275218	1944.0	1983-09-23	22500.0	1	11.0	1000 - 24999	39	1.0	0.0	1.0	2017	2017-08-01	0	5.322381930184810	33.0	0.0509900096888888	Variable Whole Life	혼합형	26734.277	3.891	298.708	3.6	3917.488595145090	19692.595	2.2091304347826100	245.183	4.4	2456.2230702275800
204	221302600703.0	549.623812	2224.0	1984-09-22	32500.0	1	2.0	50000 - 74999	38	1.0	0.0	1.0	2016	2016-10-01	0	6.0889801505817900	32.0	0.0169115019076923	Variable Whole Life	혼합형	26734.277	3.891	298.708	3.6	3917.488595145090	19089.379	1.7645	241.741	4.9	2143.0209379650300
205	221300618906.0	1183.837875	3420.0	1967-07-28	62500.0	1	4.0	225000 - 249999	55	1.0	1.0	1.0	2013	2013-07-01	0	9.363449691991790	45.0	0.0189414059999999	Variable Whole Life	혼합형	26734.277	3.891	298.708	3.6	3917.488595145090	16953.838	2.5822727272727300	232.9	7.3	1668.6754427823200
206	221300719805.0	936.961079	3467.0	1977-11-23	27500.0	0	1.0	1000 - 24999	45	1.0	0.0	0.0	2013	2013-06-01	0	9.492128678987000	35.0	0.0340713119636363	Variable Whole Life	혼합형	26734.277	3.891	298.708	3.6	3917.488595145090	16728.687	2.3	232.445	7.5	1618.7725158691400
207	221300291247.0	922.394643	1543.0	1983-11-23	42500.0	0	6.0	50000 - 74999	39	1.0	1.0	1.0	2018	2018-09-01	1	4.224503764544830	34.0	0.0217034033647058	Variable Whole Life	안정형	26734.277	3.616190476190480	298.808	3.5	3912.380952380950	20798.73	3.004210526315790	252.182	3.7	2901.5005139802600
208	221300857464.0	526.718225	258.0	1969-08-25	70000.0	0	6.0	50000 - 74999	53	1.0	1.0	1.0	2022	2022-03-01	0	0.7063655030800820	52.0	0.0075245460714285	Variable Annuity	혼합형	26734.277	3.891	298.708	3.6	3917.488595145090	25215.491	2.1278260869565200	287.467	3.7	4391.265264096470
209	221300084097.0	838.7772	5392.0	1982-04-22	62500.0	1	5.0	100000 - 124999	41	1.0	0.0	1.0	2008	2008-02-01	0	14.76249144421630	25.0	0.0134204352	Variable Whole Life	공격형	26734.277	3.891	298.708	3.6	3917.488595145090	14706.538	3.7375	212.687	4.9	1354.872509765630
210	221302338944.0	641.02156	2008.0	1967-07-07	5000.0	1	8.0	75000 - 99999	55	0.0	0.0	0.0	2017	2017-06-01	0	5.49760438056126	49.0	0.128204312	Variable Universal Life	혼합형	26734.277	3.891	298.708	3.6	3917.488595145090	19438.643	2.186818181818180	244.163	4.3	2433.98545143821
211	221302586780.0	1241.722446	889.0	1977-12-24	125000.0	1	4.0	300000 - 349999	45	1.0	0.0	1.0	2020	2020-06-01	1	2.433949349760440	42.0	0.009933779568	Variable Universal Life	공격형	26734.277	3.616190476190480	298.808	3.5	3912.380952380950	19935.444	0.7286363636363640	257.042	11.0	3104.6609330610800
212	221301745304.0	787.921747	4705.0	1953-06-29	87500.0	0	15.0	175000 - 199999	69	1.0	0.0	1.0	2010	2010-01-01	0	12.881587953456500	56.0	0.0090048199657142	Variable Annuity	안정형	26734.277	3.891	298.708	3.6	3917.488595145090	14764.61	3.7331578947368400	217.488	9.8	1123.5815815172700
213	221302310597.0	978.531516	3576.0	1987-03-22	87500.0	1	8.0	50000 - 74999	36	1.0	0.0	1.0	2013	2013-02-01	0	9.790554414784390	25.0	0.0111832173257142	Variable Whole Life	혼합형	26734.277	3.891	298.708	3.6	3917.488595145090	16648.189	1.9842105263157900	232.937	7.7	1512.3115812602800
214	221302808665.0	792.539439	3545.0	1956-06-29	87500.0	0	3.0	150000 - 174999	66	1.0	0.0	1.0	2013	2013-03-01	0	9.7056810403833	56.0	0.0090575935885714	Variable Annuity	혼합형	26734.277	3.891	298.708	3.6	3917.488595145090	16648.189	1.9575	232.282	7.5	1550.8289855957000
215	221302104112.0	1026.825529	2019.0	1943-08-03	12500.0	0	15.0	50000 - 74999	79	1.0	1.0	0.0	2017	2017-05-01	0	5.5277207392197100	73.0	0.08214604232	Variable Whole Life	안정형	26734.277	3.891	298.708	3.6	3917.488595145090	19438.643	2.3036363636363600	244.004	4.4	2395.345880681820
216	221302432923.0	635.292441	191.0	1952-08-30	47500.0	1	5.0	100000 - 124999	70	1.0	0.0	1.0	2022	2022-05-01	0	0.5229295003422310	69.0	0.0133745777052631	Variable Annuity	혼합형	26734.277	3.891	298.708	3.6	3917.488595145090	25805.791	2.8980952380952400	291.299	3.6	4040.3600027901800
217	221302805019.0	1240.267061	2481.0	1959-09-29	125000.0	0	7.0	200000 - 224999	63	1.0	0.0	1.0	2016	2016-02-01	0	6.792607802874740	56.0	0.009922136488	Variable Annuity	혼합형	26734.277	3.891	298.708	3.6	3917.488595145090	18525.933	1.7795	237.336	4.9	1904.418493652340
218	221302882976.0	1012.405914	3919.0	1987-02-20	57500.0	0	1.0	275000 - 299999	36	1.0	1.0	0.0	2012	2012-03-01	0	10.729637234770700	25.0	0.017607059373913	Variable Whole Life	혼합형	26734.277	3.891	298.708	3.6	3917.488595145090	16068.805	2.1727272727272700	228.807	8.2	1389.2400013316800
219	221301663014.0	997.555068	275.0	1967-05-27	125000.0	0	6.0	1000 - 24999	55	0.0	0.0	0.0	2022	2022-03-01	0	0.7529089664613280	54.0	0.007980440544	Variable Whole Life	혼합형	26734.277	3.891	298.708	3.6	3917.488595145090	25215.491	2.1278260869565200	287.467	3.7	4391.265264096470
220	221301347822.0	1176.155382	2170.0	1975-04-25	125000.0	1	0.0	Unknown	48	0.0	0.0	1.0	2016	2016-12-01	0	5.94113620807666	41.0	0.009409243056	Variable Universal Life	공격형	26734.277	3.891	298.708	3.6	3917.488595145090	19089.379	2.491904761904760	242.637	4.7	2246.6290457589300
221	221300923519.0	1139.771176	6236.0	1956-03-29	250000.0	0	15.0	150000 - 174999	67	1.0	1.0	1.0	2005	2005-11-01	0	17.073237508555800	49.0	0.0045590847039999	Variable Annuity	혼합형	26734.277	3.891	298.708	3.6	3917.488595145090	13324.204	4.535	198.1	5.0	1237.3685651506700
222	221300421173.0	1317.412474	4785.0	1986-04-21	52500.0	1	13.0	175000 - 199999	37	1.0	1.0	1.0	2009	2009-10-01	0	13.100616016427100	23.0	0.0250935709333333	Variable Annuity	공격형	26734.277	3.891	298.708	3.6	3917.488595145090	14651.249	3.387619047619050	216.509	10.0	1067.6636297052600
223	221301410440.0	849.34157	5621.0	1967-07-07	47500.0	0	4.0	1000 - 24999	55	1.0	0.0	1.0	2007	2007-07-01	0	15.38945927446950	40.0	0.0178808751578947	Variable Universal Life	혼합형	26734.277	3.891	298.708	3.6	3917.488595145090	14564.117	5.0042857142857100	207.603	4.7	1520.7047584170400
224	221303236529.0	836.233853	4763.0	1981-04-22	125000.0	0	5.0	75000 - 99999	42	1.0	1.0	1.0	2009	2009-11-01	0	13.040383299110200	28.0	0.006689870824	Variable Annuity	혼합형	26734.277	3.891	298.708	3.6	3917.488595145090	14651.249	3.4026315789473700	217.234	9.9	1088.0690063476600
225	221300793001.0	719.588447	1742.0	1973-03-24	70000.0	1	12.0	75000 - 99999	50	1.0	1.0	1.0	2018	2018-02-01	0	4.769336071184120	44.0	0.0102798349571428	Variable Annuity	혼합형	26734.277	3.891	298.708	3.6	3917.488595145090	20328.553	2.8589473684210500	249.529	4.1	2705.1552477384900
226	221300904505.0	1426.672783	55.0	1990-01-18	47500.0	1	15.0	75000 - 99999	33	1.0	1.0	1.0	2022	2022-10-01	1	0.1505817932922660	32.0	0.0300352164842105	Variable Universal Life	혼합형	26734.277	3.616190476190480	298.808	3.5	3912.380952380950	26734.277	3.9835	297.979	3.6	3726.050955636160
227	221302565480.0	968.102997	3174.0	1947-01-30	70000.0	1	4.0	150000 - 174999	76	1.0	0.0	0.0	2014	2014-03-01	0	8.68993839835729	67.0	0.0138300428142857	Variable Annuity	혼합형	26734.277	3.891	298.708	3.6	3917.488595145090	17197.738	2.723333333333330	236.028	6.7	1863.5233386811800
228	221300279787.0	1115.765674	4818.0	1967-07-07	125000.0	0	3.0	150000 - 174999	55	1.0	0.0	1.0	2009	2009-09-01	0	13.190965092402500	42.0	0.008926125392	Variable Universal Life	혼합형	26734.277	3.891	298.708	3.6	3917.488595145090	14448.882	3.401904761904760	215.861	9.8	1044.5523826962400
229	221301217838.0	1086.441716	2843.0	1987-09-22	87500.0	1	15.0	100000 - 124999	35	0.0	1.0	1.0	2015	2015-02-01	0	7.783709787816560	27.0	0.0124164767542857	Variable Universal Life	공격형	26734.277	3.891	298.708	3.6	3917.488595145090	18063.529	1.9752631578947400	235.342	5.5	2082.1957943565000
230	221301173298.0	1583.747835	5383.0	1978-03-23	70000.0	1	11.0	25000 - 49999	45	1.0	1.0	1.0	2008	2008-03-01	0	14.737850787132100	29.0	0.0226249690714285	Variable Universal Life	공격형	26734.277	3.891	298.708	3.6	3917.488595145090	14706.538	3.51	213.448	5.1	1316.9429931640600
231	221300320945.0	1173.653607	585.0	1987-03-22	17500.0	1	7.0	100000 - 124999	36	1.0	0.0	1.0	2021	2021-04-01	0	1.6016427104722800	34.0	0.0670659203999999	Variable Universal Life	혼합형	26734.277	3.891	298.708	3.6	3917.488595145090	23368.861	1.635	266.625	6.1	4141.176199776790
232	221303029872.0	874.280534	2312.0	1962-10-27	87500.0	0	8.0	175000 - 199999	60	1.0	0.0	1.0	2016	2016-08-01	0	6.329911019849420	53.0	0.0099917775314285	Variable Annuity	혼합형	26734.277	3.891	298.708	3.6	3917.488595145090	18892.639	1.556521739130440	240.545	4.9	2177.482167119570
233	221301675570.0	774.786891	1769.0	1972-09-25	125000.0	0	3.0	150000 - 174999	50	1.0	1.0	1.0	2018	2018-01-01	0	4.843258042436690	45.0	0.006198295128	Variable Universal Life	공격형	26734.277	3.891	298.708	3.6	3917.488595145090	20328.553	2.583809523809520	248.859	4.0	2789.803815569200
234	221302517707.0	980.720694	3133.0	1947-11-01	125000.0	0	9.0	150000 - 174999	75	1.0	1.0	1.0	2014	2014-05-01	0	8.577686516084870	66.0	0.007845765552	Variable Annuity	혼합형	26734.277	3.891	298.708	3.6	3917.488595145090	17518.508	2.559047619047620	236.918	6.3	1889.7671421596000
235	221301029918.0	994.41992	5289.0	1968-10-26	87500.0	1	3.0	150000 - 174999	54	1.0	1.0	1.0	2008	2008-06-01	0	14.480492813141700	39.0	0.0113647990857142	Variable Annuity	혼합형	26734.277	3.891	298.708	3.6	3917.488595145090	14865.701	4.099523809523810	217.463	5.6	1341.250964936760
236	221301132243.0	1208.789871	2932.0	1951-07-01	125000.0	0	15.0	225000 - 249999	71	1.0	1.0	1.0	2014	2014-11-01	0	8.02737850787132	63.0	0.009670318968	Variable Whole Life	혼합형	26734.277	3.891	298.708	3.6	3917.488595145090	17912.079	2.3255555555555600	236.983	5.8	2044.5721050061700
237	221301164260.0	650.283025	4015.0	1967-07-07	80372.176	0	6.801	125000 - 149999	55	0.0	0.0	0.0	2011	2011-12-01	0	10.992470910335400	44.0	0.0080908973398953	Variable Whole Life	혼합형	26734.277	3.891	298.708	3.6	3917.488595145090	15842.259	1.978095238095240	227.223	8.5	1243.3228469122000
238	221301337036.0	1076.636152	2134.0	1966-01-24	187500.0	1	15.0	175000 - 199999	57	1.0	1.0	1.0	2017	2017-01-01	0	5.842573579739900	51.0	0.0057420594773333	Variable Universal Life	혼합형	26734.277	3.891	298.708	3.6	3917.488595145090	19280.084	2.4325	243.618	4.7	2275.1159790039100
239	221301395014.0	691.708024	6163.0	1976-11-24	87500.0	0	10.0	100000 - 124999	46	1.0	0.0	1.0	2006	2006-01-01	0	16.87337440109510	29.0	0.00790523456	Variable Universal Life	공격형	26734.277	3.891	298.708	3.6	3917.488595145090	13599.16	4.416	199.3	4.7	1278.7224975585900
240	221303101078.0	1068.51748	6291.0	1964-07-28	47500.0	0	15.0	50000 - 74999	58	1.0	0.0	1.0	2005	2005-09-01	0	17.22381930184810	41.0	0.0224951048421052	Variable Whole Life	혼합형	26734.277	3.891	298.708	3.6	3917.488595145090	13142.642	4.199047619047620	198.8	5.0	1225.914771670390
241	221302401544.0	628.339933	4646.0	1941-06-01	27500.0	0	4.0	125000 - 149999	81	1.0	0.0	1.0	2010	2010-03-01	0	12.720054757015700	68.0	0.0228487248363636	Variable Annuity	혼합형	26734.277	3.891	298.708	3.6	3917.488595145090	14764.61	3.7273913043478300	217.353	9.9	1152.0486901324700
242	221301809114.0	670.984535	6291.0	1971-05-26	250000.0	1	7.0	250000 - 274999	51	1.0	0.0	1.0	2005	2005-09-01	0	17.22381930184810	34.0	0.00268393814	Variable Whole Life	혼합형	26734.277	3.891	298.708	3.6	3917.488595145090	13142.642	4.199047619047620	198.8	5.0	1225.914771670390
243	221302992762.0	1311.181582	1392.0	1966-11-26	70000.0	1	3.0	150000 - 174999	56	1.0	1.0	1.0	2019	2019-02-01	0	3.811088295687890	52.0	0.0187311654571428	Variable Annuity	안정형	26734.277	3.891	298.708	3.6	3917.488595145090	21111.6	2.6763157894736800	253.319	3.8	2754.8642064144700
244	221301062357.0	1260.482424	293.0	1964-11-27	47500.0	1	15.0	50000 - 74999	58	1.0	1.0	1.0	2022	2022-02-01	0	0.8021902806297060	57.0	0.0265364720842105	Variable Whole Life	안정형	26734.277	3.891	298.708	3.6	3917.488595145090	25215.491	1.9342105263157900	284.525	3.8	4435.980494449010
245	221303194602.0	1093.487301	169.0	1958-10-28	62500.0	0	6.0	50000 - 74999	64	1.0	1.0	1.0	2022	2022-06-01	0	0.4626967830253250	63.0	0.0174957968159999	Variable Universal Life	안정형	26734.277	3.891	298.708	3.6	3917.488595145090	25805.791	3.1433333333333300	295.072	3.6	3898.9466843378000
246	221300145101.0	1198.025823	336.0	1959-01-27	125000.0	1	6.0	125000 - 149999	64	1.0	0.0	1.0	2021	2021-12-01	1	0.919917864476386	62.0	0.0095842065839999	Variable Annuity	혼합형	26734.277	3.616190476190480	298.808	3.5	3912.380952380950	24777.038	1.465	280.806	3.9	4674.772771661930
247	221300847630.0	1056.578278	3965.0	1983-04-23	70000.0	0	3.0	200000 - 224999	40	1.0	1.0	1.0	2012	2012-01-01	0	10.85557837097880	28.0	0.0150939754	Variable Annuity	공격형	26734.277	3.891	298.708	3.6	3917.488595145090	16068.805	1.9665	227.842	8.3	1300.5780151367200
248	221301285914.0	921.205206	1508.0	1963-09-28	125000.0	0	8.0	125000 - 149999	59	1.0	1.0	1.0	2018	2018-10-01	0	4.128678986995210	55.0	0.007369641648	Variable Universal Life	공격형	26734.277	3.891	298.708	3.6	3917.488595145090	20917.867	3.152272727272730	252.772	3.8	2785.4647800611400
249	221300155152.0	1306.592383	5224.0	1964-02-26	250000.0	0	8.0	200000 - 224999	59	1.0	1.0	1.0	2008	2008-08-01	0	14.302532511978100	44.0	0.0052263695319999	Variable Annuity	공격형	26734.277	3.891	298.708	3.6	3917.488595145090	14898.999	3.885714285714290	218.69	6.1	1281.4723656064000
250	221302586726.0	1130.84725	6291.0	1967-01-25	87500.0	1	15.0	100000 - 124999	56	1.0	0.0	1.0	2005	2005-09-01	0	17.22381930184810	38.0	0.0129239685714285	Variable Whole Life	혼합형	26734.277	3.891	298.708	3.6	3917.488595145090	13142.642	4.199047619047620	198.8	5.0	1225.914771670390
251	221301826983.0	915.17179	3723.0	1975-11-25	62500.0	1	15.0	100000 - 124999	47	1.0	0.0	1.0	2012	2012-09-01	0	10.193018480492800	36.0	0.01464274864	Variable Whole Life	혼합형	26734.277	3.891	298.708	3.6	3917.488595145090	16319.541	1.7231578947368400	231.015	7.8	1443.4194721422700
252	221302412048.0	942.441757	6291.0	1967-11-27	87500.0	1	10.0	100000 - 124999	55	1.0	0.0	1.0	2005	2005-09-01	0	17.22381930184810	37.0	0.0107707629371428	Variable Whole Life	혼합형	26734.277	3.891	298.708	3.6	3917.488595145090	13142.642	4.199047619047620	198.8	5.0	1225.914771670390
253	221301153874.0	659.896312	1732.0	1986-01-19	70000.0	1	4.0	225000 - 249999	37	1.0	1.0	1.0	2018	2018-03-01	0	4.741957563312800	32.0	0.0094270901714285	Variable Whole Life	공격형	26734.277	3.891	298.708	3.6	3917.488595145090	20328.553	2.842380952380950	249.577	4.0	2702.7738211495500
254	221300683802.0	1117.830754	102.0	1977-03-23	87500.0	0	0.0	Unknown	46	0.0	1.0	1.0	2022	2022-08-01	0	0.2792607802874740	45.0	0.0127752086171428	Variable Whole Life	혼합형	26734.277	3.891	298.708	3.6	3917.488595145090	26272.011	2.8978260869565200	295.162	3.6	4158.563083814540
255	221302757084.0	1148.269147	1940.0	1951-12-01	42500.0	0	15.0	50000 - 74999	71	1.0	1.0	0.0	2017	2017-08-01	0	5.3114305270362800	65.0	0.0270180975764705	Variable Whole Life	혼합형	26734.277	3.891	298.708	3.6	3917.488595145090	19692.595	2.2091304347826100	245.183	4.4	2456.2230702275800
256	221302874017.0	705.246964	5432.0	1982-02-20	32500.0	1	12.0	50000 - 74999	41	1.0	0.0	0.0	2008	2008-01-01	0	14.872005475701600	25.0	0.0216999065846153	Variable Whole Life	혼합형	26734.277	3.891	298.708	3.6	3917.488595145090	14706.538	3.744285714285710	212.174	5.0	1378.7638055710600
257	221302919500.0	578.914835	5362.0	1972-05-25	87500.0	0	6.0	75000 - 99999	50	1.0	1.0	1.0	2008	2008-03-01	0	14.680355920602300	35.0	0.0066161695428571	Variable Universal Life	공격형	26734.277	3.891	298.708	3.6	3917.488595145090	14706.538	3.51	213.448	5.1	1316.9429931640600
258	221303255006.0	1045.854238	3481.0	1989-02-18	87500.0	0	3.0	50000 - 74999	34	1.0	1.0	1.0	2013	2013-05-01	0	9.530458590006850	24.0	0.0119526198628571	Variable Whole Life	혼합형	26734.277	3.891	298.708	3.6	3917.488595145090	16728.687	1.9281818181818200	231.893	7.5	1639.842723499650
259	221301605208.0	1270.52715	854.0	1981-08-22	250000.0	1	2.0	150000 - 174999	41	1.0	1.0	1.0	2020	2020-07-01	0	2.3381245722108100	38.0	0.0050821085999999	Variable Universal Life	공격형	26734.277	3.891	298.708	3.6	3917.488595145090	21684.551	0.6236363636363640	258.352	10.2	3207.6190962358000
260	221302899261.0	1004.347073	1559.0	1976-07-25	42500.0	0	0.0	Unknown	46	0.0	0.0	0.0	2018	2018-08-01	0	4.268309377138950	42.0	0.0236316958352941	Variable Whole Life	혼합형	26734.277	3.891	298.708	3.6	3917.488595145090	20798.73	2.889130434782610	251.663	3.8	2857.8204292629100
261	221301138443.0	758.125656	5253.0	1973-01-22	250000.0	1	9.0	225000 - 249999	50	1.0	1.0	1.0	2008	2008-07-01	0	14.381930184804900	35.0	0.003032502624	Variable Whole Life	혼합형	26734.277	3.891	298.708	3.6	3917.488595145090	14898.999	4.007727272727270	219.016	5.8	1257.32636607777
262	221301165389.0	1160.684061	3576.0	1939-10-04	87500.0	0	15.0	75000 - 99999	83	1.0	1.0	1.0	2013	2013-02-01	0	9.790554414784390	73.0	0.0132649606971428	Variable Annuity	혼합형	26734.277	3.891	298.708	3.6	3917.488595145090	16648.189	1.9842105263157900	232.937	7.7	1512.3115812602800
263	221300934948.0	757.165613	4182.0	1976-05-24	52500.0	0	3.0	100000 - 124999	46	0.0	0.0	1.0	2011	2011-06-01	0	11.449691991786400	35.0	0.0144222021523809	Variable Annuity	혼합형	26734.277	3.891	298.708	3.6	3917.488595145090	15557.539	3.002272727272730	224.806	9.1	1287.2886408025600
264	221302802817.0	720.914282	1672.0	1959-03-29	47500.0	0	11.0	100000 - 124999	64	1.0	1.0	1.0	2018	2018-05-01	0	4.577686516084870	59.0	0.0151771427789473	Variable Whole Life	혼합형	26734.277	3.891	298.708	3.6	3917.488595145090	20580.912	2.977727272727270	250.792	3.8	2701.4936190518500
265	221302804888.0	834.441969	6190.0	1980-10-23	80372.176	1	11.0	50000 - 74999	42	1.0	0.0	1.0	2005	2005-12-01	0	16.947296372347700	25.0	0.0103822244280159	Variable Whole Life	공격형	26734.277	3.891	298.708	3.6	3917.488595145090	13324.204	4.467142857142860	198.1	4.9	1262.0719110398100
266	221303259576.0	739.710669	3463.0	1989-03-20	32500.0	1	15.0	50000 - 74999	34	1.0	0.0	0.0	2013	2013-06-01	0	9.481177275838470	24.0	0.022760328276923	Variable Whole Life	혼합형	26734.277	3.891	298.708	3.6	3917.488595145090	16728.687	2.3	232.445	7.5	1618.7725158691400
267	221302732956.0	1340.71139	4191.0	1989-09-20	57500.0	1	3.0	225000 - 249999	33	1.0	0.0	1.0	2011	2011-06-01	0	11.474332648870600	21.0	0.0233167198260869	Variable Universal Life	혼합형	26734.277	3.891	298.708	3.6	3917.488595145090	15557.539	3.002272727272730	224.806	9.1	1287.2886408025600
268	221301554924.0	1151.28424	4416.0	1967-07-07	87500.0	0	2.0	75000 - 99999	55	1.0	0.0	1.0	2010	2010-10-01	0	12.09034907597540	43.0	0.0131575341714285	Variable Whole Life	혼합형	26734.277	3.891	298.708	3.6	3917.488595145090	15309.474	2.54	219.035	9.4	1171.5838099888400
269	221301267781.0	362.202746	933.0	1976-08-24	87500.0	1	6.0	50000 - 74999	46	1.0	0.0	1.0	2020	2020-05-01	0	2.5544147843942500	43.0	0.0041394599542857	Variable Annuity	혼합형	26734.277	3.891	298.708	3.6	3917.488595145090	19935.444	0.674	255.802	13.2	2919.6084838867200
270	221301125771.0	833.210686	188.0	1953-06-29	70000.0	0	11.0	100000 - 124999	69	1.0	0.0	0.0	2022	2022-05-01	0	0.5147159479808350	68.0	0.0119030098	Variable Whole Life	안정형	26734.277	3.891	298.708	3.6	3917.488595145090	25805.791	2.8980952380952400	291.299	3.6	4040.3600027901800
271	221302919604.0	856.510654	6291.0	1963-01-26	225000.0	1	15.0	100000 - 124999	60	1.0	0.0	1.0	2005	2005-09-01	0	17.22381930184810	42.0	0.0038067140177777	Variable Universal Life	혼합형	26734.277	3.891	298.708	3.6	3917.488595145090	13142.642	4.199047619047620	198.8	5.0	1225.914771670390
272	221301043142.0	936.175255	3952.0	1961-09-27	70000.0	1	15.0	75000 - 99999	61	1.0	0.0	1.0	2012	2012-02-01	0	10.819986310746100	50.0	0.0133739322142857	Variable Whole Life	혼합형	26734.277	3.891	298.708	3.6	3917.488595145090	16068.805	1.9675	228.329	8.3	1352.4875
273	221301339168.0	775.979184	1160.0	1989-02-18	17500.0	0	0.0	Unknown	34	0.0	1.0	1.0	2019	2019-09-01	0	3.175906913073240	30.0	0.0443416676571428	Variable Universal Life	혼합형	26734.277	3.891	298.708	3.6	3917.488595145090	21717.171	1.6995	256.43	3.5	2982.156005859380
274	221302152791.0	823.383625	192.0	1952-07-31	87500.0	0	10.0	75000 - 99999	70	1.0	0.0	1.0	2022	2022-05-01	0	0.5256673511293640	69.0	0.0094100985714285	Variable Annuity	혼합형	26734.277	3.891	298.708	3.6	3917.488595145090	25805.791	2.8980952380952400	291.299	3.6	4040.3600027901800
275	221300764738.0	688.430852	1719.0	1973-08-24	87500.0	1	15.0	175000 - 199999	49	1.0	0.0	1.0	2018	2018-03-01	0	4.706365503080080	44.0	0.0078677811657142	Variable Universal Life	혼합형	26734.277	3.891	298.708	3.6	3917.488595145090	20328.553	2.842380952380950	249.577	4.0	2702.7738211495500
276	221303115065.0	1078.67651	5609.0	1953-10-29	250000.0	1	8.0	275000 - 299999	69	1.0	1.0	1.0	2007	2007-07-01	0	15.356605065024000	53.0	0.00431470604	Variable Annuity	혼합형	26734.277	3.891	298.708	3.6	3917.488595145090	14564.117	5.0042857142857100	207.603	4.7	1520.7047584170400
277	221300146729.0	990.661509	4266.0	1971-08-26	52500.0	0	12.0	50000 - 74999	51	1.0	0.0	0.0	2011	2011-03-01	0	11.679671457905500	39.0	0.0188697430285714	Variable Universal Life	혼합형	26734.277	3.891	298.708	3.6	3917.488595145090	15351.448	3.4143478260869600	223.046	9.0	1304.4865138841700
278	221301879633.0	781.573364	6291.0	1968-01-25	32500.0	1	15.0	75000 - 99999	55	1.0	0.0	0.0	2005	2005-09-01	0	17.22381930184810	37.0	0.0240484111999999	Variable Whole Life	혼합형	26734.277	3.891	298.708	3.6	3917.488595145090	13142.642	4.199047619047620	198.8	5.0	1225.914771670390
279	221300586436.0	897.699358	4416.0	1967-07-07	12500.0	0	6.801	50000 - 74999	55	0.0	0.0	1.0	2010	2010-10-01	0	12.09034907597540	43.0	0.07181594864	Variable Whole Life	혼합형	26734.277	3.891	298.708	3.6	3917.488595145090	15309.474	2.54	219.035	9.4	1171.5838099888400
280	221300753143.0	1344.238968	1000.0	1977-08-23	225000.0	0	3.0	100000 - 124999	45	1.0	1.0	1.0	2020	2020-03-01	0	2.737850787132100	42.0	0.0059743954133333	Variable Universal Life	혼합형	26734.277	3.891	298.708	3.6	3917.488595145090	21727.657	0.87	258.076	4.4	2652.393632368610
281	221300924648.0	803.707596	3131.0	1962-02-25	70000.0	1	3.0	100000 - 124999	61	1.0	1.0	1.0	2014	2014-05-01	0	8.572210814510610	52.0	0.0114815370857142	Variable Whole Life	혼합형	26734.277	3.891	298.708	3.6	3917.488595145090	17518.508	2.559047619047620	236.918	6.3	1889.7671421596000
282	221303149901.0	696.929187	2409.0	1967-07-07	70000.0	0	3.0	75000 - 99999	55	1.0	0.0	1.0	2016	2016-04-01	0	6.595482546201230	48.0	0.0099561312428571	Variable Annuity	혼합형	26734.277	3.891	298.708	3.6	3917.488595145090	18711.702	1.805238095238100	238.992	5.1	2075.5352318173400
283	221301380682.0	1186.805861	158.0	1983-05-23	87500.0	0	6.801	100000 - 124999	39	1.0	1.0	1.0	2022	2022-06-01	0	0.432580424366872	39.0	0.0135634955542857	Variable Universal Life	혼합형	26734.277	3.891	298.708	3.6	3917.488595145090	25805.791	3.1433333333333300	295.072	3.6	3898.9466843378000
284	221300901882.0	591.966035	184.0	1979-11-24	37500.0	0	15.0	50000 - 74999	43	1.0	0.0	1.0	2022	2022-06-01	1	0.5037645448323070	42.0	0.0157857609333333	Variable Universal Life	혼합형	26734.277	3.616190476190480	298.808	3.5	3912.380952380950	25805.791	3.1433333333333300	295.072	3.6	3898.9466843378000
285	221300373770.0	811.667816	1007.0	1986-08-21	87500.0	0	4.0	100000 - 124999	36	1.0	1.0	1.0	2020	2020-02-01	0	2.757015742642030	33.0	0.0092762036114285	Variable Universal Life	혼합형	26734.277	3.891	298.708	3.6	3917.488595145090	21727.657	1.5042105263157900	259.25	3.5	3277.3141832853600
286	221300474776.0	271.386927	1759.0	1951-07-01	87500.0	1	14.0	100000 - 124999	71	1.0	1.0	1.0	2018	2018-02-01	0	4.815879534565370	66.0	0.00310156488	Variable Universal Life	혼합형	26734.277	3.891	298.708	3.6	3917.488595145090	20328.553	2.8589473684210500	249.529	4.1	2705.1552477384900
287	221300398576.0	618.88244	6291.0	1930-03-05	42500.0	0	2.0	150000 - 174999	93	1.0	1.0	1.0	2005	2005-09-01	0	17.22381930184810	75.0	0.0145619397647058	Variable Whole Life	안정형	26734.277	3.891	298.708	3.6	3917.488595145090	13142.642	4.199047619047620	198.8	5.0	1225.914771670390
288	221301793514.0	938.102711	74.0	1984-10-22	87500.0	0	7.0	75000 - 99999	38	1.0	0.0	1.0	2022	2022-09-01	0	0.2026009582477760	37.0	0.01072117384	Variable Universal Life	혼합형	26734.277	3.891	298.708	3.6	3917.488595145090	26272.011	3.519047619047620	296.421	3.5	3850.520496186760
289	221302231402.0	649.024999	749.0	1982-03-22	125000.0	0	6.801	250000 - 274999	41	0.0	0.0	1.0	2020	2020-11-01	0	2.050650239561940	38.0	0.005192199992	Variable Whole Life	혼합형	26734.277	3.891	298.708	3.6	3917.488595145090	22068.767	0.8700000000000000	260.911	6.7	3548.99248046875
290	221301971796.0	918.864092	3109.0	1976-08-24	37500.0	1	14.0	75000 - 99999	46	1.0	0.0	1.0	2014	2014-05-01	0	8.511978097193700	37.0	0.0245030424533333	Variable Whole Life	안정형	26734.277	3.891	298.708	3.6	3917.488595145090	17518.508	2.559047619047620	236.918	6.3	1889.7671421596000
291	221301499392.0	746.799653	3083.0	1948-10-01	62500.0	1	15.0	150000 - 174999	74	0.0	0.0	1.0	2014	2014-06-01	0	8.44079397672827	65.0	0.011948794448	Variable Universal Life	혼합형	26734.277	3.891	298.708	3.6	3917.488595145090	17518.508	2.5985714285714300	237.231	6.1	1947.087611607140
292	221302684504.0	665.819968	5268.0	1980-12-23	162500.0	1	2.0	150000 - 174999	42	1.0	0.0	1.0	2008	2008-06-01	0	14.42299794661190	27.0	0.0040973536492307	Variable Universal Life	공격형	26734.277	3.891	298.708	3.6	3917.488595145090	14865.701	4.099523809523810	217.463	5.6	1341.250964936760
293	221302722512.0	950.265048	2602.0	1969-05-25	37500.0	1	13.0	50000 - 74999	53	1.0	0.0	1.0	2015	2015-10-01	0	7.123887748117730	46.0	0.02534040128	Variable Whole Life	안정형	26734.277	3.891	298.708	3.6	3917.488595145090	18435.137	2.07	237.733	5.0	2024.812716397370
294	221302124987.0	593.823857	6291.0	1959-04-29	42500.0	0	3.0	100000 - 124999	64	0.0	0.0	1.0	2005	2005-09-01	0	17.22381930184810	46.0	0.0139723260470588	Variable Universal Life	혼합형	26734.277	3.891	298.708	3.6	3917.488595145090	13142.642	4.199047619047620	198.8	5.0	1225.914771670390
295	221303069676.0	810.841496	3212.0	1967-07-07	5000.0	1	13.0	75000 - 99999	55	1.0	0.0	0.0	2014	2014-02-01	0	8.793976728268310	46.0	0.1621682992	Variable Annuity	안정형	26734.277	3.891	298.708	3.6	3917.488595145090	17197.738	2.709473684210530	235.547	6.7	1817.0347386410400
296	221301175422.0	525.968802	1334.0	1995-11-20	47500.0	1	15.0	100000 - 124999	27	1.0	0.0	1.0	2019	2019-04-01	0	3.652292950034220	23.0	0.0110730274105263	Variable Whole Life	공격형	26734.277	3.891	298.708	3.6	3917.488595145090	21397.938	2.532380952380950	255.233	3.7	2903.799979073660
297	221303265699.0	1164.723643	2523.0	1970-06-25	62500.0	0	3.0	50000 - 74999	52	1.0	0.0	1.0	2016	2016-01-01	0	6.907597535934290	45.0	0.018635578288	Variable Universal Life	혼합형	26734.277	3.891	298.708	3.6	3917.488595145090	18525.933	2.0852631578947400	237.652	4.8	1918.5978875411200
298	221300492038.0	1331.000928	6291.0	1960-06-28	87500.0	1	15.0	100000 - 124999	62	1.0	1.0	1.0	2005	2005-09-01	0	17.22381930184810	45.0	0.0152114391771428	Variable Whole Life	혼합형	26734.277	3.891	298.708	3.6	3917.488595145090	13142.642	4.199047619047620	198.8	5.0	1225.914771670390
